FIPS_code,State,Area_name,Civilian_labor_force_2017,Employed_2017,Unemployed_2017,Unemployment_rate_2017,Civilian_labor_force_2018,Employed_2018,Unemployed_2018,Unemployment_rate_2018,Civilian_labor_force_2019,Employed_2019,Unemployed_2019,Unemployment_rate_2019,Civilian_labor_force_2020,Employed_2020,Unemployed_2020,Unemployment_rate_2020,Civilian_labor_force_2021,Employed_2021,Unemployed_2021,Unemployment_rate_2021
1001,AL,"Autauga County, AL",26269,25224,1045,4.0,26475,25524,951,3.6,26684,25920,764,2.9,26405,24985,1420,5.4,26341,25599,742,2.8
1003,AL,"Baldwin County, AL",93152,89286,3866,4.2,96252,92769,3483,3.6,98921,96044,2877,2.9,98910,92751,6159,6.2,99427,96481,2946,3.0
1005,AL,"Barbour County, AL",8415,7914,501,6.0,8505,8071,434,5.1,8637,8292,345,4.0,8680,8004,676,7.8,8197,7728,469,5.7
1007,AL,"Bibb County, AL",8648,8261,387,4.5,8698,8354,344,4.0,8772,8488,284,3.2,8712,8073,639,7.3,8560,8262,298,3.5
1009,AL,"Blount County, AL",25009,23979,1030,4.1,25337,24454,883,3.5,25582,24861,721,2.8,25116,23973,1143,4.6,25127,24529,598,2.4
1011,AL,"Bullock County, AL",4890,4644,246,5.0,4844,4619,225,4.6,4861,4673,188,3.9,4877,4582,295,6.0,4606,4422,184,4.0
1013,AL,"Butler County, AL",9046,8536,510,5.6,9070,8642,428,4.7,9317,8956,361,3.9,9236,8345,891,9.6,8796,8328,468,5.3
1015,AL,"Calhoun County, AL",46304,43960,2344,5.1,46805,44652,2153,4.6,46804,45064,1740,3.7,47022,43367,3655,7.8,46118,44212,1906,4.1
1017,AL,"Chambers County, AL",15375,14734,641,4.2,15530,14929,601,3.9,15992,15502,490,3.1,16093,14884,1209,7.5,15752,15173,579,3.7
1019,AL,"Cherokee County, AL",11470,10993,477,4.2,11813,11394,419,3.5,11906,11546,360,3.0,11672,11073,599,5.1,11808,11512,296,2.5
1021,AL,"Chilton County, AL",19478,18667,811,4.2,19834,19121,713,3.6,20145,19567,578,2.9,19936,18839,1097,5.5,19811,19246,565,2.9
1023,AL,"Choctaw County, AL",4460,4172,288,6.5,4800,4539,261,5.4,4722,4490,232,4.9,4699,4351,348,7.4,4591,4391,200,4.4
1025,AL,"Clarke County, AL",7832,7153,679,8.7,7742,7170,572,7.4,7715,7251,464,6.0,7899,7116,783,9.9,7726,7264,462,6.0
1027,AL,"Clay County, AL",5863,5603,260,4.4,6076,5845,231,3.8,6161,5969,192,3.1,6140,5865,275,4.5,6095,5930,165,2.7
1029,AL,"Cleburne County, AL",5792,5525,267,4.6,5857,5610,247,4.2,5863,5669,194,3.3,5852,5556,296,5.1,5890,5739,151,2.6
1031,AL,"Coffee County, AL",21128,20179,949,4.5,21233,20403,830,3.9,22076,21405,671,3.0,22008,20938,1070,4.9,21853,21243,610,2.8
1033,AL,"Colbert County, AL",23525,22273,1252,5.3,23798,22713,1085,4.6,24079,23131,948,3.9,23895,22152,1743,7.3,23460,22524,936,4.0
1035,AL,"Conecuh County, AL",4541,4257,284,6.3,4560,4325,235,5.2,4570,4380,190,4.2,4582,4214,368,8.0,4376,4164,212,4.8
1037,AL,"Coosa County, AL",4430,4218,212,4.8,4475,4291,184,4.1,4575,4432,143,3.1,4428,4156,272,6.1,4343,4209,134,3.1
1039,AL,"Covington County, AL",15901,15054,847,5.3,15820,15101,719,4.5,15788,15218,570,3.6,15342,14500,842,5.5,15215,14756,459,3.0
1041,AL,"Crenshaw County, AL",6477,6177,300,4.6,6436,6177,259,4.0,6534,6340,194,3.0,6371,5971,400,6.3,6133,5931,202,3.3
1043,AL,"Cullman County, AL",38258,36792,1466,3.8,38519,37263,1256,3.3,39130,38061,1069,2.7,38862,36992,1870,4.8,38858,37943,915,2.4
1045,AL,"Dale County, AL",20166,19243,923,4.6,20478,19627,851,4.2,20920,20232,688,3.3,20928,19793,1135,5.4,20915,20257,658,3.1
1047,AL,"Dallas County, AL",15211,14046,1165,7.7,15043,14073,970,6.4,14897,14044,853,5.7,14836,13091,1745,11.8,13959,12924,1035,7.4
1049,AL,"DeKalb County, AL",29915,28541,1374,4.6,30616,29457,1159,3.8,31627,30695,932,2.9,31289,29721,1568,5.0,31097,30308,789,2.5
1051,AL,"Elmore County, AL",37642,36222,1420,3.8,37993,36692,1301,3.4,37806,36767,1039,2.7,37662,35657,2005,5.3,37582,36560,1022,2.7
1053,AL,"Escambia County, AL",14613,13868,745,5.1,14581,13924,657,4.5,14843,14293,550,3.7,14604,13611,993,6.8,14000,13425,575,4.1
1055,AL,"Etowah County, AL",43562,41517,2045,4.7,43714,41935,1779,4.1,43127,41603,1524,3.5,41417,37912,3505,8.5,39262,37658,1604,4.1
1057,AL,"Fayette County, AL",6629,6309,320,4.8,6600,6333,267,4.0,6685,6466,219,3.3,6664,6294,370,5.6,6653,6449,204,3.1
1059,AL,"Franklin County, AL",14134,13516,618,4.4,14445,13911,534,3.7,14815,14384,431,2.9,14567,13844,723,5.0,14304,13941,363,2.5
1061,AL,"Geneva County, AL",10908,10423,485,4.4,10991,10559,432,3.9,11100,10755,345,3.1,11029,10520,509,4.6,10993,10684,309,2.8
1063,AL,"Greene County, AL",2885,2662,223,7.7,2891,2700,191,6.6,2937,2765,172,5.9,3094,2728,366,11.8,2897,2698,199,6.9
1065,AL,"Hale County, AL",6016,5650,366,6.1,6043,5739,304,5.0,6171,5915,256,4.1,6165,5529,636,10.3,5888,5553,335,5.7
1067,AL,"Henry County, AL",6791,6453,338,5.0,6904,6600,304,4.4,6990,6725,265,3.8,6909,6535,374,5.4,6881,6662,219,3.2
1069,AL,"Houston County, AL",45221,43200,2021,4.5,46072,44221,1851,4.0,47014,45523,1491,3.2,47221,44396,2825,6.0,46880,45286,1594,3.4
1071,AL,"Jackson County, AL",23377,22231,1146,4.9,23665,22702,963,4.1,23691,22867,824,3.5,23091,21727,1364,5.9,22975,22316,659,2.9
1073,AL,"Jefferson County, AL",313828,300153,13675,4.4,319219,307423,11796,3.7,321691,311970,9721,3.0,320394,298447,21947,6.9,317359,305782,11577,3.6
1075,AL,"Lamar County, AL",5807,5558,249,4.3,5805,5586,219,3.8,5891,5700,191,3.2,5788,5474,314,5.4,5691,5521,170,3.0
1077,AL,"Lauderdale County, AL",42539,40520,2019,4.7,42848,41068,1780,4.2,43111,41623,1488,3.5,42649,40026,2623,6.2,42080,40745,1335,3.2
1079,AL,"Lawrence County, AL",13795,13099,696,5.0,14196,13610,586,4.1,14452,13973,479,3.3,14528,13736,792,5.5,14378,13956,422,2.9
1081,AL,"Lee County, AL",74311,71292,3019,4.1,76047,73298,2749,3.6,77544,75315,2229,2.9,76533,72090,4443,5.8,76658,74478,2180,2.8
1083,AL,"Limestone County, AL",42005,40275,1730,4.1,43437,41904,1533,3.5,44948,43686,1262,2.8,45890,43726,2164,4.7,46572,45430,1142,2.5
1085,AL,"Lowndes County, AL",3704,3393,311,8.4,3654,3389,265,7.3,3557,3342,215,6.0,3723,3182,541,14.5,3578,3248,330,9.2
1087,AL,"Macon County, AL",7979,7508,471,5.9,7947,7520,427,5.4,7982,7627,355,4.4,8186,7327,859,10.5,7948,7471,477,6.0
1089,AL,"Madison County, AL",177879,170808,7071,4.0,183502,177181,6321,3.4,187759,182655,5104,2.7,189632,179871,9761,5.1,192204,187100,5104,2.7
1091,AL,"Marengo County, AL",7785,7338,447,5.7,7691,7313,378,4.9,7802,7513,289,3.7,7864,7319,545,6.9,7709,7384,325,4.2
1093,AL,"Marion County, AL",12663,12041,622,4.9,12757,12241,516,4.0,12948,12472,476,3.7,13291,12545,746,5.6,13320,12941,379,2.8
1095,AL,"Marshall County, AL",42557,40878,1679,3.9,43385,41930,1455,3.4,44730,43565,1165,2.6,44783,42700,2083,4.7,44714,43644,1070,2.4
1097,AL,"Mobile County, AL",189017,178966,10051,5.3,191050,182174,8876,4.6,191722,184234,7488,3.9,195089,178158,16931,8.7,191711,182672,9039,4.7
1099,AL,"Monroe County, AL",7302,6800,502,6.9,7265,6823,442,6.1,7440,7064,376,5.1,7626,6943,683,9.0,7356,6942,414,5.6
1101,AL,"Montgomery County, AL",106956,102209,4747,4.4,107096,102844,4252,4.0,107721,104224,3497,3.2,108329,99047,9282,8.6,106663,101486,5177,4.9
1103,AL,"Morgan County, AL",55665,53328,2337,4.2,57773,55769,2004,3.5,59179,57574,1605,2.7,59737,56771,2966,5.0,59256,57716,1540,2.6
1105,AL,"Perry County, AL",3479,3202,277,8.0,3448,3225,223,6.5,3436,3248,188,5.5,3452,3038,414,12.0,3215,2948,267,8.3
1107,AL,"Pickens County, AL",7808,7380,428,5.5,7829,7472,357,4.6,8028,7732,296,3.7,7688,7128,560,7.3,7501,7194,307,4.1
1109,AL,"Pike County, AL",15469,14700,769,5.0,15424,14731,693,4.5,15570,15033,537,3.4,15841,14976,865,5.5,16017,15504,513,3.2
1111,AL,"Randolph County, AL",9594,9163,431,4.5,9685,9299,386,4.0,9644,9333,311,3.2,9570,9063,507,5.3,9408,9150,258,2.7
1113,AL,"Russell County, AL",23660,22613,1047,4.4,24279,23308,971,4.0,24075,23324,751,3.1,23819,22447,1372,5.8,23281,22566,715,3.1
1115,AL,"St. Clair County, AL",39635,38024,1611,4.1,40548,39146,1402,3.5,41322,40148,1174,2.8,41389,39149,2240,5.4,41195,40108,1087,2.6
1117,AL,"Shelby County, AL",112591,108871,3720,3.3,115854,112588,3266,2.8,118169,115441,2728,2.3,117880,112894,4986,4.2,118212,115683,2529,2.1
1119,AL,"Sumter County, AL",5026,4689,337,6.7,4873,4591,282,5.8,4832,4601,231,4.8,4780,4410,370,7.7,4520,4317,203,4.5
1121,AL,"Talladega County, AL",35049,33254,1795,5.1,35714,34201,1513,4.2,36213,34912,1301,3.6,36433,33605,2828,7.8,35695,34215,1480,4.1
1123,AL,"Tallapoosa County, AL",18411,17618,793,4.3,18153,17406,747,4.1,18737,18145,592,3.2,18204,16822,1382,7.6,17910,17186,724,4.0
1125,AL,"Tuscaloosa County, AL",101014,96711,4303,4.3,103605,99857,3748,3.6,106555,103529,3026,2.8,103776,96225,7551,7.3,101104,97442,3662,3.6
1127,AL,"Walker County, AL",25189,23891,1298,5.2,25401,24330,1071,4.2,25542,24653,889,3.5,25210,23583,1627,6.5,25085,24174,911,3.6
1129,AL,"Washington County, AL",6772,6304,468,6.9,6783,6392,391,5.8,6808,6474,334,4.9,6823,6219,604,8.9,6538,6233,305,4.7
1131,AL,"Wilcox County, AL",2838,2507,331,11.7,2787,2524,263,9.4,2753,2547,206,7.5,2921,2449,472,16.2,2644,2353,291,11.0
1133,AL,"Winston County, AL",9806,9301,505,5.1,9916,9503,413,4.2,10280,9922,358,3.5,10271,9734,537,5.2,10110,9830,280,2.8
2013,AK,"Aleutians East Borough, AK",2544,2485,59,2.3,2316,2251,65,2.8,2552,2493,59,2.3,2515,2411,104,4.1,2558,2499,59,2.3
2016,AK,"Aleutians West Census Area, AK",3745,3616,129,3.4,3639,3523,116,3.2,3645,3531,114,3.1,3835,3655,180,4.7,3625,3494,131,3.6
2020,AK,"Anchorage Borough/municipality, AK",153774,145406,8368,5.4,150745,143226,7519,5.0,148655,141968,6687,4.5,147223,135682,11541,7.8,150276,141539,8737,5.8
2050,AK,"Bethel Census Area, AK",7323,6393,930,12.7,7131,6290,841,11.8,7086,6260,826,11.7,6987,6136,851,12.2,6956,6046,910,13.1
2060,AK,"Bristol Bay Borough, AK",421,396,25,5.9,448,423,25,5.6,449,425,24,5.3,393,362,31,7.9,449,424,25,5.6
2063,AK,"Chugach Census Area, AK",,,,,,,,,,,,,3251,2972,279,8.6,3412,3182,230,6.7
2066,AK,"Copper River Census Area, AK",,,,,,,,,,,,,1290,1153,137,10.6,1356,1235,121,8.9
2068,AK,"Denali Borough, AK",1146,1049,97,8.5,1064,987,77,7.2,1099,1017,82,7.5,645,534,111,17.2,855,769,86,10.1
2070,AK,"Dillingham Census Area, AK",2049,1877,172,8.4,2017,1868,149,7.4,1982,1840,142,7.2,1721,1570,151,8.8,1709,1569,140,8.2
2090,AK,"Fairbanks North Star Borough, AK",46422,43775,2647,5.7,45865,43466,2399,5.2,45374,43216,2158,4.8,44597,41628,2969,6.7,45375,43099,2276,5.0
2100,AK,"Haines Borough, AK",1080,990,90,8.3,1102,1005,97,8.8,1131,1039,92,8.1,1021,854,167,16.4,1024,908,116,11.3
2105,AK,"Hoonah-Angoon Census Area, AK",1137,1006,131,11.5,1149,1017,132,11.5,1191,1070,121,10.2,1055,908,147,13.9,1156,1049,107,9.3
2110,AK,"Juneau Borough/city, AK",17292,16547,745,4.3,17208,16520,688,4.0,17249,16565,684,4.0,16306,15168,1138,7.0,16734,15940,794,4.7
2122,AK,"Kenai Peninsula Borough, AK",26823,24745,2078,7.7,26557,24703,1854,7.0,26483,24857,1626,6.1,26625,24098,2527,9.5,27945,25911,2034,7.3
2130,AK,"Ketchikan Gateway Borough, AK",7094,6686,408,5.8,7027,6641,386,5.5,7004,6614,390,5.6,6481,5823,658,10.2,6604,6118,486,7.4
2150,AK,"Kodiak Island Borough, AK",6320,6025,295,4.7,6150,5820,330,5.4,5971,5674,297,5.0,6068,5666,402,6.6,6015,5629,386,6.4
2158,AK,"Kusilvak Census Area, AK",2735,2227,508,18.6,2678,2188,490,18.3,2650,2178,472,17.8,2288,1817,471,20.6,2347,1880,467,19.9
2164,AK,"Lake and Peninsula Borough, AK",716,637,79,11.0,744,668,76,10.2,709,645,64,9.0,613,543,70,11.4,649,591,58,8.9
2170,AK,"Matanuska-Susitna Borough, AK",48262,44526,3736,7.7,48071,44766,3305,6.9,48235,45267,2968,6.2,48388,44183,4205,8.7,49487,46130,3357,6.8
2180,AK,"Nome Census Area, AK",4091,3626,465,11.4,4099,3670,429,10.5,4024,3624,400,9.9,3939,3508,431,10.9,4088,3693,395,9.7
2185,AK,"North Slope Borough, AK",3598,3348,250,6.9,3413,3198,215,6.3,3552,3348,204,5.7,3164,2971,193,6.1,2918,2733,185,6.3
2188,AK,"Northwest Arctic Borough, AK",2945,2496,449,15.2,2923,2552,371,12.7,2904,2533,371,12.8,2941,2570,371,12.6,2914,2578,336,11.5
2195,AK,"Petersburg Borough, AK",1414,1292,122,8.6,1387,1277,110,7.9,1410,1299,111,7.9,1430,1301,129,9.0,1621,1508,113,7.0
2198,AK,"Prince of Wales-Hyder Census Area, AK",2843,2547,296,10.4,2885,2601,284,9.8,2884,2622,262,9.1,2833,2558,275,9.7,2832,2605,227,8.0
2201,AK,"Prince of Wales-Outer Ketchikan Census Area, AK",,,,,,,,,,,,,,,,,,,,
2220,AK,"Sitka Borough/city, AK",4448,4260,188,4.2,4370,4206,164,3.8,4404,4242,162,3.7,4121,3822,299,7.3,4496,4295,201,4.5
2230,AK,"Skagway Municipality, AK",827,747,80,9.7,834,761,73,8.8,782,712,70,9.0,641,503,138,21.5,621,533,88,14.2
2232,AK,"Skagway-Hoonah-Angoon Census Area, AK",,,,,,,,,,,,,,,,,,,,
2240,AK,"Southeast Fairbanks Census Area, AK",2932,2650,282,9.6,2942,2682,260,8.8,2872,2642,230,8.0,2945,2719,226,7.7,3219,3007,212,6.6
2261,AK,"Valdez-Cordova Census Area, AK",4870,4518,352,7.2,4862,4536,326,6.7,4865,4535,330,6.8,,,,,,,,
2275,AK,"Wrangell Borough/city, AK",1048,973,75,7.2,1041,975,66,6.3,1031,961,70,6.8,955,867,88,9.2,946,875,71,7.5
2280,AK,"Wrangell-Petersburg Census Area, AK",,,,,,,,,,,,,,,,,,,,
2282,AK,"Yakutat Borough/city, AK",233,213,20,8.6,247,229,18,7.3,251,234,17,6.8,279,255,24,8.6,308,286,22,7.1
2290,AK,"Yukon-Koyukuk Census Area, AK",2459,2051,408,16.6,2539,2194,345,13.6,2441,2129,312,12.8,2334,2041,293,12.6,2441,2138,303,12.4
4001,AZ,"Apache County, AZ",19884,17808,2076,10.4,19935,17963,1972,9.9,19813,17823,1990,10.0,19502,17058,2444,12.5,18700,16995,1705,9.1
4003,AZ,"Cochise County, AZ",48125,45406,2719,5.6,48115,45431,2684,5.6,48785,45963,2822,5.8,50090,46659,3431,6.8,49027,46667,2360,4.8
4005,AZ,"Coconino County, AZ",73563,69435,4128,5.6,74030,69968,4062,5.5,74782,70489,4293,5.7,72016,65193,6823,9.5,72223,67857,4366,6.0
4007,AZ,"Gila County, AZ",20789,19515,1274,6.1,20768,19565,1203,5.8,20765,19586,1179,5.7,20355,18830,1525,7.5,20390,19377,1013,5.0
4009,AZ,"Graham County, AZ",14008,13235,773,5.5,14404,13674,730,5.1,14962,14226,736,4.9,15412,14464,948,6.2,15695,15047,648,4.1
4011,AZ,"Greenlee County, AZ",3885,3687,198,5.1,4144,3973,171,4.1,4346,4173,173,4.0,4307,4082,225,5.2,4343,4169,174,4.0
4012,AZ,"La Paz County, AZ",8469,8006,463,5.5,8651,8114,537,6.2,9004,8466,538,6.0,8726,8117,609,7.0,8616,8175,441,5.1
4013,AZ,"Maricopa County, AZ",2088547,1999783,88764,4.3,2155981,2066973,89008,4.1,2229900,2136810,93090,4.2,2256967,2094758,162209,7.2,2311889,2208858,103031,4.5
4015,AZ,"Mohave County, AZ",80346,75565,4781,6.0,82593,77910,4683,5.7,84582,79636,4946,5.8,85930,77556,8374,9.7,87215,82382,4833,5.5
4017,AZ,"Navajo County, AZ",39709,36633,3076,7.7,39123,36124,2999,7.7,39489,36514,2975,7.5,39186,35304,3882,9.9,39276,36704,2572,6.5
4019,AZ,"Pima County, AZ",464230,443046,21184,4.6,470786,449984,20802,4.4,482457,460572,21885,4.5,479345,443416,35929,7.5,480903,457095,23808,5.0
4021,AZ,"Pinal County, AZ",167281,158730,8551,5.1,174833,166124,8709,5.0,184133,174883,9250,5.0,187999,174319,13680,7.3,192406,183334,9072,4.7
4023,AZ,"Santa Cruz County, AZ",18601,16816,1785,9.6,18728,17011,1717,9.2,19009,17356,1653,8.7,18775,16677,2098,11.2,18942,17298,1644,8.7
4025,AZ,"Yavapai County, AZ",99348,94790,4558,4.6,101700,97201,4499,4.4,103311,98601,4710,4.6,103471,95949,7522,7.3,105108,100771,4337,4.1
4027,AZ,"Yuma County, AZ",93326,77245,16081,17.2,94398,78454,15944,16.9,97138,80826,16312,16.8,94768,78717,16051,16.9,93693,81591,12102,12.9
5001,AR,"Arkansas County, AR",8967,8673,294,3.3,9069,8770,299,3.3,9481,9204,277,2.9,9436,9058,378,4.0,9424,9108,316,3.4
5003,AR,"Ashley County, AR",7865,7424,441,5.6,7826,7417,409,5.2,7707,7300,407,5.3,7178,6506,672,9.4,6801,6301,500,7.4
5005,AR,"Baxter County, AR",16364,15663,701,4.3,16378,15712,666,4.1,16330,15690,640,3.9,16576,15584,992,6.0,16287,15681,606,3.7
5007,AR,"Benton County, AR",132441,128502,3939,3.0,134603,130752,3851,2.9,139195,135616,3579,2.6,141515,135182,6333,4.5,141991,137993,3998,2.8
5009,AR,"Boone County, AR",15794,15249,545,3.5,15893,15345,548,3.4,16070,15570,500,3.1,15857,15019,838,5.3,15782,15313,469,3.0
5011,AR,"Bradley County, AR",4456,4252,204,4.6,4481,4289,192,4.3,4482,4301,181,4.0,4368,4110,258,5.9,4056,3865,191,4.7
5013,AR,"Calhoun County, AR",2410,2316,94,3.9,2441,2349,92,3.8,2437,2332,105,4.3,2416,2289,127,5.3,2392,2312,80,3.3
5015,AR,"Carroll County, AR",12990,12554,436,3.4,12604,12204,400,3.2,12830,12439,391,3.0,12735,12013,722,5.7,12708,12279,429,3.4
5017,AR,"Chicot County, AR",3465,3238,227,6.6,3355,3130,225,6.7,3254,3034,220,6.8,3213,2876,337,10.5,3084,2820,264,8.6
5019,AR,"Clark County, AR",9574,9199,375,3.9,9689,9337,352,3.6,9703,9341,362,3.7,9263,8711,552,6.0,8805,8390,415,4.7
5021,AR,"Clay County, AR",5883,5614,269,4.6,5801,5551,250,4.3,5674,5403,271,4.8,5546,5209,337,6.1,5391,5178,213,4.0
5023,AR,"Cleburne County, AR",9286,8826,460,5.0,9118,8712,406,4.5,9230,8823,407,4.4,9190,8489,701,7.6,8970,8559,411,4.6
5025,AR,"Cleveland County, AR",3327,3182,145,4.4,3264,3141,123,3.8,3245,3121,124,3.8,3252,3055,197,6.1,3108,2985,123,4.0
5027,AR,"Columbia County, AR",9077,8616,461,5.1,9014,8594,420,4.7,9206,8806,400,4.3,9058,8437,621,6.9,8814,8345,469,5.3
5029,AR,"Conway County, AR",8229,7834,395,4.8,8163,7812,351,4.3,8300,7950,350,4.2,8413,7903,510,6.1,8231,7889,342,4.2
5031,AR,"Craighead County, AR",53579,51961,1618,3.0,54497,52863,1634,3.0,56221,54685,1536,2.7,56309,53304,3005,5.3,55682,53861,1821,3.3
5033,AR,"Crawford County, AR",26925,25971,954,3.5,26972,26027,945,3.5,26910,26036,874,3.2,26510,25062,1448,5.5,25772,24851,921,3.6
5035,AR,"Crittenden County, AR",21378,20437,941,4.4,21178,20272,906,4.3,21249,20362,887,4.2,21102,19339,1763,8.4,20502,19394,1108,5.4
5037,AR,"Cross County, AR",7654,7346,308,4.0,7445,7143,302,4.1,7407,7102,305,4.1,7264,6820,444,6.1,6987,6681,306,4.4
5039,AR,"Dallas County, AR",2919,2790,129,4.4,2845,2727,118,4.1,2827,2699,128,4.5,2821,2669,152,5.4,2770,2657,113,4.1
5041,AR,"Desha County, AR",5446,5183,263,4.8,5420,5180,240,4.4,5410,5175,235,4.3,5289,4916,373,7.1,4963,4670,293,5.9
5043,AR,"Drew County, AR",7961,7554,407,5.1,7838,7460,378,4.8,7834,7437,397,5.1,7716,7180,536,6.9,7522,7145,377,5.0
5045,AR,"Faulkner County, AR",61341,59285,2056,3.4,61975,59995,1980,3.2,62970,61129,1841,2.9,62006,58616,3390,5.5,61033,58910,2123,3.5
5047,AR,"Franklin County, AR",7401,7139,262,3.5,7377,7118,259,3.5,7528,7282,246,3.3,7481,7058,423,5.7,7267,6999,268,3.7
5049,AR,"Fulton County, AR",4718,4518,200,4.2,4817,4627,190,3.9,4983,4788,195,3.9,4929,4675,254,5.2,4889,4711,178,3.6
5051,AR,"Garland County, AR",40330,38691,1639,4.1,40777,39159,1618,4.0,41490,39983,1507,3.6,41320,38009,3311,8.0,40528,38500,2028,5.0
5053,AR,"Grant County, AR",8323,8053,270,3.2,8324,8070,254,3.1,8432,8170,262,3.1,8289,7858,431,5.2,8146,7886,260,3.2
5055,AR,"Greene County, AR",19718,18987,731,3.7,19824,19145,679,3.4,20067,19385,682,3.4,19601,18430,1171,6.0,19318,18655,663,3.4
5057,AR,"Hempstead County, AR",9893,9551,342,3.5,9939,9597,342,3.4,9925,9555,370,3.7,9628,9125,503,5.2,9182,8862,320,3.5
5059,AR,"Hot Spring County, AR",14117,13592,525,3.7,13950,13433,517,3.7,14063,13565,498,3.5,14075,13256,819,5.8,13797,13264,533,3.9
5061,AR,"Howard County, AR",5987,5805,182,3.0,5901,5701,200,3.4,5691,5511,180,3.2,5553,5273,280,5.0,5455,5278,177,3.2
5063,AR,"Independence County, AR",16140,15451,689,4.3,16282,15632,650,4.0,16586,15940,646,3.9,16737,15770,967,5.8,16368,15734,634,3.9
5065,AR,"Izard County, AR",4880,4609,271,5.6,4868,4605,263,5.4,4907,4645,262,5.3,4655,4261,394,8.5,4382,4146,236,5.4
5067,AR,"Jackson County, AR",5880,5533,347,5.9,5776,5431,345,6.0,5814,5443,371,6.4,5852,5428,424,7.2,5637,5343,294,5.2
5069,AR,"Jefferson County, AR",27995,26535,1460,5.2,28011,26567,1444,5.2,27665,26188,1477,5.3,27287,25079,2208,8.1,26128,24413,1715,6.6
5071,AR,"Johnson County, AR",10575,10120,455,4.3,10389,9922,467,4.5,10279,9820,459,4.5,10140,9498,642,6.3,9835,9373,462,4.7
5073,AR,"Lafayette County, AR",2538,2410,128,5.0,2489,2362,127,5.1,2458,2347,111,4.5,2419,2233,186,7.7,2327,2192,135,5.8
5075,AR,"Lawrence County, AR",6856,6596,260,3.8,6820,6556,264,3.9,6842,6566,276,4.0,6797,6377,420,6.2,6700,6414,286,4.3
5077,AR,"Lee County, AR",2969,2825,144,4.9,2899,2762,137,4.7,2824,2700,124,4.4,2747,2536,211,7.7,2554,2411,143,5.6
5079,AR,"Lincoln County, AR",4052,3882,170,4.2,4008,3839,169,4.2,3903,3738,165,4.2,3868,3637,231,6.0,3729,3558,171,4.6
5081,AR,"Little River County, AR",5498,5230,268,4.9,5460,5177,283,5.2,5529,5297,232,4.2,5353,5003,350,6.5,5250,5015,235,4.5
5083,AR,"Logan County, AR",8897,8553,344,3.9,8734,8389,345,4.0,8530,8168,362,4.2,8664,8085,579,6.7,8383,8033,350,4.2
5085,AR,"Lonoke County, AR",33840,32727,1113,3.3,34165,33096,1069,3.1,34281,33199,1082,3.2,33761,31886,1875,5.6,33141,32034,1107,3.3
5087,AR,"Madison County, AR",7369,7157,212,2.9,7343,7133,210,2.9,7411,7225,186,2.5,7292,7001,291,4.0,7373,7142,231,3.1
5089,AR,"Marion County, AR",6478,6221,257,4.0,6489,6225,264,4.1,6668,6407,261,3.9,6265,5860,405,6.5,6089,5829,260,4.3
5091,AR,"Miller County, AR",19758,18894,864,4.4,19511,18583,928,4.8,19751,18959,792,4.0,19343,18003,1340,6.9,18987,18074,913,4.8
5093,AR,"Mississippi County, AR",17782,16718,1064,6.0,17336,16369,967,5.6,17384,16518,866,5.0,17269,15704,1565,9.1,16310,15141,1169,7.2
5095,AR,"Monroe County, AR",2798,2678,120,4.3,2741,2626,115,4.2,2755,2640,115,4.2,2722,2541,181,6.6,2621,2482,139,5.3
5097,AR,"Montgomery County, AR",3092,2943,149,4.8,3051,2908,143,4.7,2980,2845,135,4.5,2958,2752,206,7.0,2876,2737,139,4.8
5099,AR,"Nevada County, AR",3603,3475,128,3.6,3646,3521,125,3.4,3655,3514,141,3.9,3545,3336,209,5.9,3373,3237,136,4.0
5101,AR,"Newton County, AR",3322,3201,121,3.6,3301,3191,110,3.3,3323,3209,114,3.4,3186,3023,163,5.1,3182,3085,97,3.0
5103,AR,"Ouachita County, AR",9722,9275,447,4.6,9756,9313,443,4.5,9846,9351,495,5.0,9840,9243,597,6.1,9716,9340,376,3.9
5105,AR,"Perry County, AR",4246,4068,178,4.2,4245,4071,174,4.1,4313,4141,172,4.0,4132,3899,233,5.6,4092,3924,168,4.1
5107,AR,"Phillips County, AR",6532,6151,381,5.8,6572,6178,394,6.0,6361,5992,369,5.8,6303,5723,580,9.2,5865,5412,453,7.7
5109,AR,"Pike County, AR",4293,4120,173,4.0,4297,4124,173,4.0,4248,4089,159,3.7,4270,4016,254,5.9,4183,3999,184,4.4
5111,AR,"Poinsett County, AR",10255,9826,429,4.2,10130,9746,384,3.8,10037,9698,339,3.4,9753,9206,547,5.6,9676,9299,377,3.9
5113,AR,"Polk County, AR",8027,7665,362,4.5,8064,7737,327,4.1,8079,7748,331,4.1,8005,7468,537,6.7,7771,7428,343,4.4
5115,AR,"Pope County, AR",29089,27789,1300,4.5,28978,27710,1268,4.4,29068,27848,1220,4.2,27870,26218,1652,5.9,27266,26186,1080,4.0
5117,AR,"Prairie County, AR",3696,3544,152,4.1,3555,3420,135,3.8,3611,3459,152,4.2,3611,3417,194,5.4,3527,3397,130,3.7
5119,AR,"Pulaski County, AR",188436,181973,6463,3.4,188411,181973,6438,3.4,189699,183378,6321,3.3,189050,174991,14059,7.4,184896,175806,9090,4.9
5121,AR,"Randolph County, AR",6922,6632,290,4.2,7161,6879,282,3.9,7313,7036,277,3.8,7449,7006,443,5.9,7313,7025,288,3.9
5123,AR,"St. Francis County, AR",8360,7937,423,5.1,8284,7868,416,5.0,8193,7781,412,5.0,8022,7388,634,7.9,7675,7201,474,6.2
5125,AR,"Saline County, AR",57474,55729,1745,3.0,58664,56890,1774,3.0,59554,57919,1635,2.7,58783,55813,2970,5.1,57900,56082,1818,3.1
5127,AR,"Scott County, AR",4433,4279,154,3.5,4388,4231,157,3.6,4331,4188,143,3.3,4345,4150,195,4.5,4216,4076,140,3.3
5129,AR,"Searcy County, AR",2935,2798,137,4.7,2924,2799,125,4.3,2908,2779,129,4.4,2878,2692,186,6.5,2920,2796,124,4.2
5131,AR,"Sebastian County, AR",57208,55131,2077,3.6,56790,54795,1995,3.5,56835,55011,1824,3.2,56085,52716,3369,6.0,54294,52275,2019,3.7
5133,AR,"Sevier County, AR",5665,5407,258,4.6,5594,5341,253,4.5,5526,5267,259,4.7,5543,5218,325,5.9,5368,5132,236,4.4
5135,AR,"Sharp County, AR",5961,5660,301,5.0,5781,5508,273,4.7,5762,5483,279,4.8,5717,5306,411,7.2,5630,5353,277,4.9
5137,AR,"Stone County, AR",4792,4562,230,4.8,4787,4574,213,4.4,4738,4519,219,4.6,4624,4295,329,7.1,4531,4303,228,5.0
5139,AR,"Union County, AR",16093,15239,854,5.3,15963,15097,866,5.4,15796,14989,807,5.1,15615,14310,1305,8.4,15025,14114,911,6.1
5141,AR,"Van Buren County, AR",6040,5708,332,5.5,5883,5577,306,5.2,5781,5500,281,4.9,5767,5354,413,7.2,5803,5521,282,4.9
5143,AR,"Washington County, AR",120668,117523,3145,2.6,122484,119317,3167,2.6,125000,121989,3011,2.4,125379,119532,5847,4.7,125728,122052,3676,2.9
5145,AR,"White County, AR",33628,32090,1538,4.6,33604,32156,1448,4.3,33937,32452,1485,4.4,34020,31880,2140,6.3,33712,32361,1351,4.0
5147,AR,"Woodruff County, AR",2925,2783,142,4.9,2800,2670,130,4.6,2770,2628,142,5.1,2826,2661,165,5.8,2790,2651,139,5.0
5149,AR,"Yell County, AR",8558,8211,347,4.1,8484,8134,350,4.1,8391,8063,328,3.9,7933,7526,407,5.1,7831,7520,311,4.0
6001,CA,"Alameda County, CA",838175,807100,31075,3.7,841435,815554,25881,3.1,842645,817355,25290,3.0,816829,743193,73636,9.0,809964,760859,49105,6.1
6003,CA,"Alpine County, CA",548,514,34,6.2,547,522,25,4.6,542,514,28,5.2,513,453,60,11.7,519,477,42,8.1
6005,CA,"Amador County, CA",14694,13958,736,5.0,14672,14066,606,4.1,14828,14243,585,3.9,14451,13084,1367,9.5,14342,13345,997,7.0
6007,CA,"Butte County, CA",101998,96056,5942,5.8,101810,96624,5186,5.1,98096,93025,5071,5.2,93080,84291,8789,9.4,92031,85720,6311,6.9
6009,CA,"Calaveras County, CA",21016,20014,1002,4.8,21163,20303,860,4.1,21349,20522,827,3.9,21315,19637,1678,7.9,21402,20177,1225,5.7
6011,CA,"Colusa County, CA",10816,9267,1549,14.3,10851,9409,1442,13.3,10993,9566,1427,13.0,10607,8853,1754,16.5,10740,9398,1342,12.5
6013,CA,"Contra Costa County, CA",557869,536304,21565,3.9,560233,542110,18123,3.2,560709,543096,17613,3.1,545458,495891,49567,9.1,542352,507874,34478,6.4
6015,CA,"Del Norte County, CA",9696,9068,628,6.5,9712,9152,560,5.8,9635,9070,565,5.9,9414,8497,917,9.7,9314,8606,708,7.6
6017,CA,"El Dorado County, CA",89712,85766,3946,4.4,91021,87691,3330,3.7,92296,88993,3303,3.6,90730,82984,7746,8.5,91142,85910,5232,5.7
6019,CA,"Fresno County, CA",444452,406265,38187,8.6,446228,412260,33968,7.6,451289,418064,33225,7.4,444993,392711,52282,11.7,443383,402642,40741,9.2
6021,CA,"Glenn County, CA",12803,11840,963,7.5,12768,11923,845,6.6,13006,12196,810,6.2,12737,11581,1156,9.1,12616,11740,876,6.9
6023,CA,"Humboldt County, CA",62486,59842,2644,4.2,62530,60251,2279,3.6,62214,59932,2282,3.7,59653,54515,5138,8.6,58714,55053,3661,6.2
6025,CA,"Imperial County, CA",72049,57886,14163,19.7,71163,57736,13427,18.9,73755,58358,15397,20.9,71528,55218,16310,22.8,69075,57094,11981,17.3
6027,CA,"Inyo County, CA",8604,8226,378,4.4,8704,8361,343,3.9,8767,8452,315,3.6,8305,7637,668,8.0,8229,7745,484,5.9
6029,CA,"Kern County, CA",384073,348493,35580,9.3,385789,354428,31361,8.1,388816,358105,30711,7.9,385860,335929,49931,12.9,383987,345432,38555,10.0
6031,CA,"Kings County, CA",57265,52133,5132,9.0,57502,52949,4553,7.9,57923,53281,4642,8.0,56921,50118,6803,12.0,55930,50544,5386,9.6
6033,CA,"Lake County, CA",29302,27598,1704,5.8,29070,27523,1547,5.3,29056,27555,1501,5.2,28411,25614,2797,9.8,28371,26211,2160,7.6
6035,CA,"Lassen County, CA",10025,9469,556,5.5,9854,9376,478,4.9,9732,9275,457,4.7,9393,8694,699,7.4,9159,8615,544,5.9
6037,CA,"Los Angeles County, CA",5109810,4864120,245690,4.8,5121279,4885329,235950,4.6,5153091,4926056,227035,4.4,4968912,4355926,612986,12.3,4994057,4548852,445205,8.9
6039,CA,"Madera County, CA",60909,55932,4977,8.2,61261,56882,4379,7.1,62204,57848,4356,7.0,61852,54920,6932,11.2,61944,56468,5476,8.8
6041,CA,"Marin County, CA",139632,135584,4048,2.9,139681,136256,3425,2.5,138811,135543,3268,2.4,130414,121476,8938,6.9,128920,123172,5748,4.5
6043,CA,"Mariposa County, CA",7653,7203,450,5.9,7651,7239,412,5.4,7635,7281,354,4.6,7191,6385,806,11.2,7014,6456,558,8.0
6045,CA,"Mendocino County, CA",39534,37735,1799,4.6,39453,37864,1589,4.0,38725,37159,1566,4.0,37099,33698,3401,9.2,36920,34622,2298,6.2
6047,CA,"Merced County, CA",115210,104330,10880,9.4,115251,105501,9750,8.5,115964,106423,9541,8.2,115332,100761,14571,12.6,115158,103223,11935,10.4
6049,CA,"Modoc County, CA",3193,2932,261,8.2,3156,2915,241,7.6,3179,2950,229,7.2,3174,2893,281,8.9,3187,2962,225,7.1
6051,CA,"Mono County, CA",8485,8106,379,4.5,8424,8081,343,4.1,8519,8198,321,3.8,7875,6917,958,12.2,8340,7771,569,6.8
6053,CA,"Monterey County, CA",219487,203630,15857,7.2,221914,207648,14266,6.4,221536,207458,14078,6.4,213837,189830,24007,11.2,211858,194310,17548,8.3
6055,CA,"Napa County, CA",73237,70549,2688,3.7,73770,71572,2198,3.0,73342,71210,2132,2.9,68777,62575,6202,9.0,68437,64305,4132,6.0
6057,CA,"Nevada County, CA",48288,46289,1999,4.1,48561,46844,1717,3.5,48477,46830,1647,3.4,46697,42871,3826,8.2,47089,44459,2630,5.6
6059,CA,"Orange County, CA",1605787,1549003,56784,3.5,1615863,1567723,48140,3.0,1615978,1570049,45929,2.8,1561462,1420678,140784,9.0,1553897,1461154,92743,6.0
6061,CA,"Placer County, CA",181231,174177,7054,3.9,185605,179626,5979,3.2,188900,182933,5967,3.2,186664,172621,14043,7.5,188045,178657,9388,5.0
6063,CA,"Plumas County, CA",7764,7070,694,8.9,7815,7219,596,7.6,7891,7275,616,7.8,7615,6768,847,11.1,7382,6682,700,9.5
6065,CA,"Riverside County, CA",1070876,1014232,56644,5.3,1090038,1041323,48715,4.5,1107716,1060633,47083,4.3,1117258,1003553,113705,10.2,1129562,1046723,82839,7.3
6067,CA,"Sacramento County, CA",696466,663727,32739,4.7,704161,676667,27494,3.9,711464,684781,26683,3.8,709713,641956,67757,9.5,714032,664353,49679,7.0
6069,CA,"San Benito County, CA",30588,28811,1777,5.8,31199,29606,1593,5.1,32316,30688,1628,5.0,32493,29251,3242,10.0,31976,29658,2318,7.2
6071,CA,"San Bernardino County, CA",942048,895265,46783,5.0,954989,915519,39470,4.1,966763,929049,37714,3.9,971384,876969,94415,9.7,988604,915089,73515,7.4
6073,CA,"San Diego County, CA",1570791,1507180,63611,4.0,1579550,1526087,53463,3.4,1582874,1531029,51845,3.3,1541979,1395730,146249,9.5,1543678,1443815,99863,6.5
6075,CA,"San Francisco County/city, CA",563046,546440,16606,2.9,568605,554889,13716,2.4,580597,567612,12985,2.2,558105,513363,44742,8.0,545953,518434,27519,5.0
6077,CA,"San Joaquin County, CA",322951,300205,22746,7.0,324146,304226,19920,6.1,327089,307458,19631,6.0,334292,295559,38733,11.6,334250,305278,28972,8.7
6079,CA,"San Luis Obispo County, CA",140250,135171,5079,3.6,140085,135845,4240,3.0,139838,135750,4088,2.9,133921,123379,10542,7.9,135268,128186,7082,5.2
6081,CA,"San Mateo County, CA",444909,432729,12180,2.7,448911,438753,10158,2.3,457133,447577,9556,2.1,437835,407241,30594,7.0,431205,411484,19721,4.6
6083,CA,"Santa Barbara County, CA",214948,205145,9803,4.6,215220,206642,8578,4.0,222675,214501,8174,3.7,218122,200213,17909,8.2,217988,205423,12565,5.8
6085,CA,"Santa Clara County, CA",1037356,1003683,33673,3.2,1042337,1014614,27723,2.7,1050090,1023426,26664,2.5,1021799,948273,73526,7.2,1013614,966009,47605,4.7
6087,CA,"Santa Cruz County, CA",142601,134423,8178,5.7,141270,134175,7095,5.0,141352,134342,7010,5.0,134611,121436,13175,9.8,133351,124166,9185,6.9
6089,CA,"Shasta County, CA",73912,69594,4318,5.8,73888,70163,3725,5.0,72954,69421,3533,4.8,73129,66563,6566,9.0,72809,67834,4975,6.8
6091,CA,"Sierra County, CA",1289,1204,85,6.6,1277,1199,78,6.1,1330,1258,72,5.4,1283,1176,107,8.3,1304,1226,78,6.0
6093,CA,"Siskiyou County, CA",17785,16484,1301,7.3,17364,16184,1180,6.8,17188,16056,1132,6.6,16938,15228,1710,10.1,16561,15222,1339,8.1
6095,CA,"Solano County, CA",207947,197959,9988,4.8,209037,200737,8300,4.0,208423,200424,7999,3.8,201518,181675,19843,9.8,199365,184505,14860,7.5
6097,CA,"Sonoma County, CA",259768,250932,8836,3.4,260587,253298,7289,2.8,257549,250486,7063,2.7,245312,225417,19895,8.1,242752,229439,13313,5.5
6099,CA,"Stanislaus County, CA",241971,223735,18236,7.5,243068,227230,15838,6.5,242886,227939,14947,6.2,241656,214903,26753,11.1,239538,219496,20042,8.4
6101,CA,"Sutter County, CA",44965,41028,3937,8.8,44840,41395,3445,7.7,45544,42143,3401,7.5,45440,40238,5202,11.4,45214,41145,4069,9.0
6103,CA,"Tehama County, CA",25511,23875,1636,6.4,25485,24014,1471,5.8,25596,24137,1459,5.7,25630,23282,2348,9.2,25443,23617,1826,7.2
6105,CA,"Trinity County, CA",4804,4504,300,6.2,4675,4405,270,5.8,4652,4393,259,5.6,4532,4157,375,8.3,4475,4193,282,6.3
6107,CA,"Tulare County, CA",204457,182958,21499,10.5,203039,183065,19974,9.8,202496,182554,19942,9.8,202207,174781,27426,13.6,200896,179461,21435,10.7
6109,CA,"Tuolumne County, CA",21368,20208,1160,5.4,21187,20191,996,4.7,20968,20003,965,4.6,20153,17998,2155,10.7,20042,18586,1456,7.3
6111,CA,"Ventura County, CA",423676,404462,19214,4.5,423044,406752,16292,3.9,422110,406610,15500,3.7,409408,373303,36105,8.8,404923,379995,24928,6.2
6113,CA,"Yolo County, CA",106564,101083,5481,5.1,107537,102886,4651,4.3,108121,103583,4538,4.2,104638,96435,8203,7.8,106122,99926,6196,5.8
6115,CA,"Yuba County, CA",28718,26570,2148,7.5,29241,27346,1895,6.5,29793,27944,1849,6.2,30665,27370,3295,10.7,30752,28148,2604,8.5
8001,CO,"Adams County, CO",258513,251187,7326,2.8,266494,257987,8507,3.2,271103,263585,7518,2.8,270349,249734,20615,7.6,276299,259081,17218,6.2
8003,CO,"Alamosa County, CO",8067,7810,257,3.2,8477,8161,316,3.7,8418,8138,280,3.3,8312,7809,503,6.1,8533,8062,471,5.5
8005,CO,"Arapahoe County, CO",347523,338561,8962,2.6,356525,345984,10541,3.0,361796,352585,9211,2.5,359977,333136,26841,7.5,367171,345949,21222,5.8
8007,CO,"Archuleta County, CO",6560,6375,185,2.8,6798,6582,216,3.2,6845,6641,204,3.0,7042,6537,505,7.2,7300,6943,357,4.9
8009,CO,"Baca County, CO",2105,2073,32,1.5,2150,2114,36,1.7,2139,2105,34,1.6,2083,2036,47,2.3,2118,2073,45,2.1
8011,CO,"Bent County, CO",1909,1860,49,2.6,1888,1831,57,3.0,1851,1802,49,2.6,1773,1700,73,4.1,1886,1771,115,6.1
8013,CO,"Boulder County, CO",185056,180914,4142,2.2,190906,185906,5000,2.6,193894,189610,4284,2.2,190742,179615,11127,5.8,195616,187094,8522,4.4
8014,CO,"Broomfield County/city, CO",38214,37289,925,2.4,39188,38132,1056,2.7,40147,39216,931,2.3,40409,37908,2501,6.2,41167,39319,1848,4.5
8015,CO,"Chaffee County, CO",9227,9026,201,2.2,9525,9288,237,2.5,9696,9477,219,2.3,9642,9062,580,6.0,10248,9835,413,4.0
8017,CO,"Cheyenne County, CO",1124,1106,18,1.6,1129,1110,19,1.7,1129,1112,17,1.5,1083,1058,25,2.3,1105,1080,25,2.3
8019,CO,"Clear Creek County, CO",5819,5679,140,2.4,5918,5752,166,2.8,6009,5870,139,2.3,5964,5475,489,8.2,6023,5689,334,5.5
8021,CO,"Conejos County, CO",3887,3737,150,3.9,4055,3896,159,3.9,4126,3985,141,3.4,4006,3790,216,5.4,4102,3906,196,4.8
8023,CO,"Costilla County, CO",1805,1746,59,3.3,1821,1747,74,4.1,1852,1783,69,3.7,1812,1687,125,6.9,1885,1771,114,6.0
8025,CO,"Crowley County, CO",1457,1415,42,2.9,1477,1417,60,4.1,1541,1479,62,4.0,1440,1364,76,5.3,1465,1389,76,5.2
8027,CO,"Custer County, CO",2015,1958,57,2.8,2062,1992,70,3.4,2045,1987,58,2.8,2085,1986,99,4.7,2325,2232,93,4.0
8029,CO,"Delta County, CO",14149,13641,508,3.6,14262,13732,530,3.7,14213,13765,448,3.2,14159,13273,886,6.3,14360,13599,761,5.3
8031,CO,"Denver County/city, CO",395587,385501,10086,2.5,407482,395573,11909,2.9,416384,405807,10577,2.5,419844,387275,32569,7.8,427421,402123,25298,5.9
8033,CO,"Dolores County, CO",1119,1089,30,2.7,1136,1106,30,2.6,1136,1104,32,2.8,1135,1061,74,6.5,1176,1121,55,4.7
8035,CO,"Douglas County, CO",183237,179180,4057,2.2,189833,184850,4983,2.6,195801,191411,4390,2.2,196099,185505,10594,5.4,200746,192563,8183,4.1
8037,CO,"Eagle County, CO",34520,33775,745,2.2,35782,34891,891,2.5,36327,35553,774,2.1,35383,32204,3179,9.0,36813,35177,1636,4.4
8039,CO,"Elbert County, CO",14273,13952,321,2.2,14885,14501,384,2.6,15201,14888,313,2.1,15000,14339,661,4.4,15468,14881,587,3.8
8041,CO,"El Paso County, CO",322818,313035,9783,3.0,331759,319727,12032,3.6,338068,327573,10495,3.1,341997,318462,23535,6.9,350677,330916,19761,5.6
8043,CO,"Fremont County, CO",14817,14231,586,4.0,14886,14170,716,4.8,14922,14276,646,4.3,15223,14104,1119,7.4,15860,14764,1096,6.9
8045,CO,"Garfield County, CO",31257,30420,837,2.7,32051,31108,943,2.9,32347,31520,827,2.6,31405,29376,2029,6.5,32254,30749,1505,4.7
8047,CO,"Gilpin County, CO",3572,3505,67,1.9,3687,3601,86,2.3,3794,3712,82,2.2,3930,3501,429,10.9,3880,3641,239,6.2
8049,CO,"Grand County, CO",9463,9265,198,2.1,9815,9573,242,2.5,9777,9579,198,2.0,9245,8505,740,8.0,9718,9309,409,4.2
8051,CO,"Gunnison County, CO",10603,10403,200,1.9,11239,10981,258,2.3,11357,11126,231,2.0,11296,10587,709,6.3,11837,11402,435,3.7
8053,CO,"Hinsdale County, CO",469,459,10,2.1,439,428,11,2.5,435,421,14,3.2,423,406,17,4.0,450,434,16,3.6
8055,CO,"Huerfano County, CO",2525,2390,135,5.3,2554,2398,156,6.1,2506,2370,136,5.4,2597,2362,235,9.0,2645,2428,217,8.2
8057,CO,"Jackson County, CO",953,937,16,1.7,979,955,24,2.5,972,951,21,2.2,935,898,37,4.0,988,955,33,3.3
8059,CO,"Jefferson County, CO",320378,312568,7810,2.4,327698,318566,9132,2.8,331396,323425,7971,2.4,327550,305440,22110,6.8,334051,317284,16767,5.0
8061,CO,"Kiowa County, CO",916,901,15,1.6,935,919,16,1.7,948,934,14,1.5,953,931,22,2.3,957,925,32,3.3
8063,CO,"Kit Carson County, CO",4345,4276,69,1.6,4252,4171,81,1.9,4283,4216,67,1.6,4211,4098,113,2.7,4261,4135,126,3.0
8065,CO,"Lake County, CO",4673,4580,93,2.0,4754,4638,116,2.4,4916,4807,109,2.2,4803,4434,369,7.7,4974,4756,218,4.4
8067,CO,"La Plata County, CO",31155,30449,706,2.3,31958,31083,875,2.7,31627,30878,749,2.4,30924,28897,2027,6.6,31905,30248,1657,5.2
8069,CO,"Larimer County, CO",193515,189157,4358,2.3,199314,194154,5160,2.6,203074,198526,4548,2.2,201273,189216,12057,6.0,206492,196875,9617,4.7
8071,CO,"Las Animas County, CO",6200,5970,230,3.7,6483,6202,281,4.3,6480,6240,240,3.7,6398,5947,451,7.0,6513,6087,426,6.5
8073,CO,"Lincoln County, CO",2358,2313,45,1.9,2436,2382,54,2.2,2398,2346,52,2.2,2340,2241,99,4.2,2364,2265,99,4.2
8075,CO,"Logan County, CO",11009,10770,239,2.2,11106,10819,287,2.6,11045,10793,252,2.3,10867,10385,482,4.4,10985,10505,480,4.4
8077,CO,"Mesa County, CO",72973,70295,2678,3.7,74823,72024,2799,3.7,75371,72931,2440,3.2,74725,69424,5301,7.1,77219,72798,4421,5.7
8079,CO,"Mineral County, CO",461,453,8,1.7,507,494,13,2.6,516,504,12,2.3,464,438,26,5.6,463,440,23,5.0
8081,CO,"Moffat County, CO",7260,7036,224,3.1,7357,7109,248,3.4,7336,7100,236,3.2,7162,6749,413,5.8,7286,6939,347,4.8
8083,CO,"Montezuma County, CO",12726,12260,466,3.7,12839,12271,568,4.4,12749,12239,510,4.0,12626,11760,866,6.9,13215,12480,735,5.6
8085,CO,"Montrose County, CO",20621,19993,628,3.0,21410,20681,729,3.4,21589,20955,634,2.9,21491,20134,1357,6.3,22392,21270,1122,5.0
8087,CO,"Morgan County, CO",15446,15098,348,2.3,16189,15754,435,2.7,16318,15913,405,2.5,15899,15089,810,5.1,16212,15419,793,4.9
8089,CO,"Otero County, CO",8194,7878,316,3.9,8309,7921,388,4.7,8235,7917,318,3.9,8179,7701,478,5.8,8366,7854,512,6.1
8091,CO,"Ouray County, CO",2242,2182,60,2.7,2363,2287,76,3.2,2417,2350,67,2.8,2481,2291,190,7.7,2708,2586,122,4.5
8093,CO,"Park County, CO",10375,10147,228,2.2,10922,10636,286,2.6,11167,10905,262,2.3,10969,10370,599,5.5,11273,10810,463,4.1
8095,CO,"Phillips County, CO",2552,2514,38,1.5,2570,2524,46,1.8,2578,2539,39,1.5,2459,2396,63,2.6,2490,2419,71,2.9
8097,CO,"Pitkin County, CO",10889,10578,311,2.9,11117,10727,390,3.5,11032,10704,328,3.0,11122,10017,1105,9.9,11127,10514,613,5.5
8099,CO,"Prowers County, CO",6143,5994,149,2.4,6225,6034,191,3.1,6282,6128,154,2.5,6114,5856,258,4.2,6265,5981,284,4.5
8101,CO,"Pueblo County, CO",74024,71082,2942,4.0,74736,71382,3354,4.5,75161,72263,2898,3.9,76155,70230,5925,7.8,77498,71347,6151,7.9
8103,CO,"Rio Blanco County, CO",2756,2658,98,3.6,2907,2795,112,3.9,2964,2861,103,3.5,2905,2754,151,5.2,2931,2769,162,5.5
8105,CO,"Rio Grande County, CO",5318,5105,213,4.0,5364,5122,242,4.5,5400,5190,210,3.9,5360,4993,367,6.8,5529,5169,360,6.5
8107,CO,"Routt County, CO",15421,15080,341,2.2,16078,15678,400,2.5,16175,15843,332,2.1,15923,14729,1194,7.5,16024,15343,681,4.2
8109,CO,"Saguache County, CO",3404,3264,140,4.1,3497,3345,152,4.3,3513,3379,134,3.8,3405,3176,229,6.7,3496,3290,206,5.9
8111,CO,"San Juan County, CO",523,512,11,2.1,519,504,15,2.9,551,536,15,2.7,519,486,33,6.4,608,587,21,3.5
8113,CO,"San Miguel County, CO",5298,5158,140,2.6,5506,5331,175,3.2,5711,5559,152,2.7,5425,4865,560,10.3,5836,5542,294,5.0
8115,CO,"Sedgwick County, CO",1181,1157,24,2.0,1177,1149,28,2.4,1186,1164,22,1.9,1154,1115,39,3.4,1185,1141,44,3.7
8117,CO,"Summit County, CO",21663,21287,376,1.7,22291,21841,450,2.0,22770,22383,387,1.7,21962,19912,2050,9.3,22727,21818,909,4.0
8119,CO,"Teller County, CO",12135,11774,361,3.0,12414,11992,422,3.4,12684,12315,369,2.9,12836,11924,912,7.1,13074,12429,645,4.9
8121,CO,"Washington County, CO",3002,2948,54,1.8,3027,2957,70,2.3,2953,2898,55,1.9,2844,2759,85,3.0,2828,2738,90,3.2
8123,CO,"Weld County, CO",156367,152480,3887,2.5,163409,158866,4543,2.8,167882,163792,4090,2.4,164840,153943,10897,6.6,165660,156182,9478,5.7
8125,CO,"Yuma County, CO",5630,5546,84,1.5,5952,5842,110,1.8,6065,5974,91,1.5,5552,5404,148,2.7,5668,5513,155,2.7
9001,CT,"Fairfield County, CT",485084,464383,20701,4.3,485919,467592,18327,3.8,489083,472261,16822,3.4,473208,436155,37053,7.8,465448,437051,28397,6.1
9003,CT,"Hartford County, CT",483999,461941,22058,4.6,486605,466922,19683,4.0,493135,475091,18044,3.7,482601,443952,38649,8.0,468861,438180,30681,6.5
9005,CT,"Litchfield County, CT",105418,101111,4307,4.1,106245,102370,3875,3.6,106930,103418,3512,3.3,103484,96504,6980,6.7,101537,95963,5574,5.5
9007,CT,"Middlesex County, CT",94022,90439,3583,3.8,94486,91324,3162,3.3,95740,92857,2883,3.0,93209,87216,5993,6.4,91071,86362,4709,5.2
9009,CT,"New Haven County, CT",464965,442959,22006,4.7,467068,447589,19479,4.2,471549,454140,17409,3.7,462508,426061,36447,7.9,453791,424057,29734,6.6
9011,CT,"New London County, CT",139407,133507,5900,4.2,139122,133887,5235,3.8,139818,135051,4767,3.4,133743,121093,12650,9.5,129504,120631,8873,6.9
9013,CT,"Tolland County, CT",87052,83777,3275,3.8,87655,84661,2994,3.4,88848,86113,2735,3.1,85905,80682,5223,6.1,83876,79597,4279,5.1
9015,CT,"Windham County, CT",63765,60717,3048,4.8,64397,61624,2773,4.3,65247,62758,2489,3.8,63124,58291,4833,7.7,61835,57975,3860,6.2
10001,DE,"Kent County, DE",77277,73509,3768,4.9,77802,74578,3224,4.1,78609,75360,3249,4.1,79826,73170,6656,8.3,81389,76320,5069,6.2
10003,DE,"New Castle County, DE",294849,281937,12912,4.4,296795,285953,10842,3.7,298726,287970,10756,3.6,298781,276479,22302,7.5,303427,287298,16129,5.3
10005,DE,"Sussex County, DE",103087,98503,4584,4.4,105558,101613,3945,3.7,107511,103526,3985,3.7,107206,99465,7741,7.2,111615,106257,5358,4.8
11001,DC,District of Columbia,393326,369388,23938,6.1,396039,373772,22267,5.6,400577,379016,21561,5.4,389384,358370,31014,8.0,381673,356578,25095,6.6
12001,FL,"Alachua County, FL",134348,129134,5214,3.9,136262,131666,4596,3.4,137788,133643,4145,3.0,134486,126648,7838,5.8,138458,133316,5142,3.7
12003,FL,"Baker County, FL",11561,11070,491,4.2,11553,11144,409,3.5,11913,11533,380,3.2,11655,11020,635,5.4,12089,11640,449,3.7
12005,FL,"Bay County, FL",87547,83855,3692,4.2,87320,83677,3643,4.2,83772,80572,3200,3.8,82680,77353,5327,6.4,85937,82604,3333,3.9
12007,FL,"Bradford County, FL",11164,10750,414,3.7,11059,10674,385,3.5,10853,10494,359,3.3,10713,10018,695,6.5,10791,10343,448,4.2
12009,FL,"Brevard County, FL",266773,255041,11732,4.4,274551,264555,9996,3.6,281422,272198,9224,3.3,281504,261302,20202,7.2,289653,277951,11702,4.0
12011,FL,"Broward County, FL",1014014,973134,40880,4.0,1024312,988673,35639,3.5,1032434,1000261,32173,3.1,1021021,923137,97884,9.6,1029454,979064,50390,4.9
12013,FL,"Calhoun County, FL",4934,4690,244,4.9,4905,4690,215,4.4,4762,4569,193,4.1,4744,4479,265,5.6,4866,4648,218,4.5
12015,FL,"Charlotte County, FL",69485,66140,3345,4.8,70252,67332,2920,4.2,71321,68620,2701,3.8,71385,65764,5621,7.9,73248,70060,3188,4.4
12017,FL,"Citrus County, FL",47498,44662,2836,6.0,47150,44605,2545,5.4,46955,44621,2334,5.0,46588,42350,4238,9.1,47343,44656,2687,5.7
12019,FL,"Clay County, FL",103336,99254,4082,4.0,105002,101420,3582,3.4,106583,103260,3323,3.1,104580,98510,6070,5.8,107819,104015,3804,3.5
12021,FL,"Collier County, FL",171952,164712,7240,4.2,176352,170050,6302,3.6,179009,173276,5733,3.2,176321,163139,13182,7.5,180891,174274,6617,3.7
12023,FL,"Columbia County, FL",29098,27806,1292,4.4,29195,28056,1139,3.9,29568,28578,990,3.3,29435,27537,1898,6.4,29220,27896,1324,4.5
12027,FL,"DeSoto County, FL",13938,13306,632,4.5,13604,13050,554,4.1,14099,13588,511,3.6,14350,13549,801,5.6,14631,14070,561,3.8
12029,FL,"Dixie County, FL",5704,5428,276,4.8,5734,5486,248,4.3,5803,5579,224,3.9,5845,5495,350,6.0,5910,5653,257,4.3
12031,FL,"Duval County, FL",474465,453958,20507,4.3,479833,461935,17898,3.7,483355,466986,16369,3.4,480408,444860,35548,7.4,492463,470506,21957,4.5
12033,FL,"Escambia County, FL",140984,134980,6004,4.3,141974,136726,5248,3.7,143613,138852,4761,3.3,143637,133112,10525,7.3,146033,139420,6613,4.5
12035,FL,"Flagler County, FL",45799,43561,2238,4.9,46301,44337,1964,4.2,47330,45471,1859,3.9,47089,43263,3826,8.1,48309,46067,2242,4.6
12037,FL,"Franklin County, FL",4663,4492,171,3.7,4689,4520,169,3.6,4626,4455,171,3.7,4651,4380,271,5.8,4719,4540,179,3.8
12039,FL,"Gadsden County, FL",18023,17018,1005,5.6,18238,17380,858,4.7,18406,17626,780,4.2,18212,16840,1372,7.5,19283,18250,1033,5.4
12041,FL,"Gilchrist County, FL",6768,6463,305,4.5,6974,6704,270,3.9,7240,6989,251,3.5,7035,6661,374,5.3,7226,6956,270,3.7
12043,FL,"Glades County, FL",4913,4646,267,5.4,5187,4976,211,4.1,5303,5088,215,4.1,5070,4755,315,6.2,5073,4862,211,4.2
12045,FL,"Gulf County, FL",5965,5729,236,4.0,5951,5677,274,4.6,5156,4905,251,4.9,5074,4754,320,6.3,5270,5080,190,3.6
12047,FL,"Hamilton County, FL",4279,4069,210,4.9,4338,4151,187,4.3,4270,4089,181,4.2,4210,3856,354,8.4,4137,3887,250,6.0
12049,FL,"Hardee County, FL",8898,8367,531,6.0,8742,8272,470,5.4,8302,7870,432,5.2,8466,7871,595,7.0,8895,8471,424,4.8
12051,FL,"Hendry County, FL",15888,14712,1176,7.4,15513,14533,980,6.3,15229,14299,930,6.1,15287,13907,1380,9.0,15734,14782,952,6.1
12053,FL,"Hernando County, FL",68859,65184,3675,5.3,70110,66821,3289,4.7,71297,68222,3075,4.3,71952,65730,6222,8.6,73476,69734,3742,5.1
12055,FL,"Highlands County, FL",36123,34046,2077,5.7,36211,34397,1814,5.0,35493,33817,1676,4.7,34624,31723,2901,8.4,34977,32919,2058,5.9
12057,FL,"Hillsborough County, FL",718852,690198,28654,4.0,730756,705101,25655,3.5,750562,726662,23900,3.2,754031,695631,58400,7.7,769097,736399,32698,4.3
12059,FL,"Holmes County, FL",6837,6507,330,4.8,6833,6554,279,4.1,6887,6637,250,3.6,6814,6407,407,6.0,6935,6652,283,4.1
12061,FL,"Indian River County, FL",63455,60211,3244,5.1,64452,61580,2872,4.5,65061,62496,2565,3.9,64151,59027,5124,8.0,65119,62043,3076,4.7
12063,FL,"Jackson County, FL",17169,16382,787,4.6,17108,16401,707,4.1,16959,16349,610,3.6,17124,16107,1017,5.9,17202,16413,789,4.6
12065,FL,"Jefferson County, FL",5455,5213,242,4.4,5528,5312,216,3.9,5494,5306,188,3.4,5413,5085,328,6.1,5580,5345,235,4.2
12067,FL,"Lafayette County, FL",2918,2807,111,3.8,2808,2709,99,3.5,2824,2739,85,3.0,2769,2640,129,4.7,2787,2676,111,4.0
12069,FL,"Lake County, FL",149859,143453,6406,4.3,154363,148689,5674,3.7,160397,155121,5276,3.3,156772,142000,14772,9.4,159493,152035,7458,4.7
12071,FL,"Lee County, FL",332639,318774,13865,4.2,338687,326661,12026,3.6,346012,334789,11223,3.2,345113,317759,27354,7.9,357018,342117,14901,4.2
12073,FL,"Leon County, FL",150963,144964,5999,4.0,152728,147395,5333,3.5,153627,148751,4876,3.2,150692,141137,9555,6.3,154331,147861,6470,4.2
12075,FL,"Levy County, FL",16648,15892,756,4.5,16684,16015,669,4.0,16578,15942,636,3.8,16479,15398,1081,6.6,16849,16095,754,4.5
12077,FL,"Liberty County, FL",2600,2480,120,4.6,2594,2489,105,4.0,2630,2536,94,3.6,2592,2457,135,5.2,2582,2474,108,4.2
12079,FL,"Madison County, FL",7313,6982,331,4.5,7236,6944,292,4.0,7399,7112,287,3.9,7546,7042,504,6.7,7720,7339,381,4.9
12081,FL,"Manatee County, FL",173427,166400,7027,4.1,176671,170437,6234,3.5,179186,173414,5772,3.2,175685,162804,12881,7.3,182554,175379,7175,3.9
12083,FL,"Marion County, FL",132717,125915,6802,5.1,134737,128740,5997,4.5,138048,132637,5411,3.9,138952,128343,10609,7.6,141992,135009,6983,4.9
12085,FL,"Martin County, FL",71501,68459,3042,4.3,72297,69650,2647,3.7,72737,70373,2364,3.3,71353,66677,4676,6.6,73492,70878,2614,3.6
12086,FL,"Miami-Dade County, FL",1348920,1284543,64377,4.8,1354308,1302089,52219,3.9,1377449,1340491,36958,2.7,1271646,1177701,93945,7.4,1307815,1239474,68341,5.2
12087,FL,"Monroe County, FL",45311,43809,1502,3.3,44763,43582,1181,2.6,46171,45205,966,2.1,44444,40725,3719,8.4,45926,44558,1368,3.0
12089,FL,"Nassau County, FL",38835,37298,1537,4.0,40191,38856,1335,3.3,41497,40248,1249,3.0,41553,39035,2518,6.1,42729,41268,1461,3.4
12091,FL,"Okaloosa County, FL",93658,90353,3305,3.5,94517,91591,2926,3.1,95860,93198,2662,2.8,95234,89599,5635,5.9,99417,96102,3315,3.3
12093,FL,"Okeechobee County, FL",18200,17390,810,4.5,17576,16904,672,3.8,17600,16972,628,3.6,17090,16089,1001,5.9,17488,16768,720,4.1
12095,FL,"Orange County, FL",723383,695684,27699,3.8,740643,715936,24707,3.3,752910,730279,22631,3.0,741842,656788,85054,11.5,741002,702684,38318,5.2
12097,FL,"Osceola County, FL",171704,164153,7551,4.4,179225,172446,6779,3.8,184097,177876,6221,3.4,190165,162828,27337,14.4,185839,174170,11669,6.3
12099,FL,"Palm Beach County, FL",716528,686091,30437,4.2,721421,694667,26754,3.7,728819,704365,24454,3.4,715415,656556,58859,8.2,734055,702386,31669,4.3
12101,FL,"Pasco County, FL",226509,216222,10287,4.5,231755,222514,9241,4.0,238171,229604,8567,3.6,240726,222182,18544,7.7,246350,235484,10866,4.4
12103,FL,"Pinellas County, FL",480350,461683,18667,3.9,481305,464814,16491,3.4,481952,467042,14910,3.1,476669,440134,36535,7.7,486173,466708,19465,4.0
12105,FL,"Polk County, FL",291121,276937,14184,4.9,296551,283912,12639,4.3,303868,292210,11658,3.8,319699,288447,31252,9.8,328590,311005,17585,5.4
12107,FL,"Putnam County, FL",26824,25340,1484,5.5,26552,25220,1332,5.0,26345,25178,1167,4.4,26398,24111,2287,8.7,27149,25501,1648,6.1
12109,FL,"St. Johns County, FL",123910,119635,4275,3.5,129131,125271,3860,3.0,134614,130970,3644,2.7,137667,130012,7655,5.6,141901,137591,4310,3.0
12111,FL,"St. Lucie County, FL",138130,130882,7248,5.2,141643,135201,6442,4.5,145290,139422,5868,4.0,146919,134666,12253,8.3,150366,143002,7364,4.9
12113,FL,"Santa Rosa County, FL",78420,75315,3105,4.0,80705,77931,2774,3.4,83105,80577,2528,3.0,82862,78224,4638,5.6,84880,81942,2938,3.5
12115,FL,"Sarasota County, FL",183191,175840,7351,4.0,185716,179203,6513,3.5,187387,181384,6003,3.2,183985,170423,13562,7.4,191384,184019,7365,3.8
12117,FL,"Seminole County, FL",245295,235999,9296,3.8,248232,239979,8253,3.3,251959,244386,7573,3.0,237580,219095,18485,7.8,244546,234590,9956,4.1
12119,FL,"Sumter County, FL",30029,28163,1866,6.2,31086,29435,1651,5.3,32346,30789,1557,4.8,32660,29876,2784,8.5,34621,32790,1831,5.3
12121,FL,"Suwannee County, FL",18200,17410,790,4.3,18030,17343,687,3.8,18129,17502,627,3.5,17637,16549,1088,6.2,17414,16637,777,4.5
12123,FL,"Taylor County, FL",8701,8304,397,4.6,8592,8254,338,3.9,8159,7858,301,3.7,8151,7586,565,6.9,8112,7708,404,5.0
12125,FL,"Union County, FL",4775,4593,182,3.8,4578,4425,153,3.3,4569,4429,140,3.1,4532,4299,233,5.1,4546,4376,170,3.7
12127,FL,"Volusia County, FL",247779,236589,11190,4.5,250808,241060,9748,3.9,251861,242915,8946,3.6,248723,228265,20458,8.2,255093,243303,11790,4.6
12129,FL,"Wakulla County, FL",14373,13848,525,3.7,14626,14151,475,3.2,15271,14817,454,3.0,14994,14272,722,4.8,15429,14941,488,3.2
12131,FL,"Walton County, FL",29805,28692,1113,3.7,30769,29768,1001,3.3,31848,30914,934,2.9,32348,30321,2027,6.3,33792,32597,1195,3.5
12133,FL,"Washington County, FL",9709,9277,432,4.4,9681,9295,386,4.0,9625,9282,343,3.6,9438,8843,595,6.3,9507,9079,428,4.5
13001,GA,"Appling County, GA",9354,8837,517,5.5,9076,8679,397,4.4,9285,8906,379,4.1,9197,8767,430,4.7,9288,8956,332,3.6
13003,GA,"Atkinson County, GA",4207,4017,190,4.5,4368,4212,156,3.6,4566,4416,150,3.3,4453,4280,173,3.9,4503,4372,131,2.9
13005,GA,"Bacon County, GA",5104,4874,230,4.5,5048,4853,195,3.9,4963,4776,187,3.8,4847,4622,225,4.6,4837,4680,157,3.2
13007,GA,"Baker County, GA",1249,1171,78,6.2,1166,1104,62,5.3,1160,1104,56,4.8,1126,1059,67,6.0,1135,1079,56,4.9
13009,GA,"Baldwin County, GA",17770,16720,1050,5.9,17725,16837,888,5.0,17729,16946,783,4.4,17666,16453,1213,6.9,17731,16885,846,4.8
13011,GA,"Banks County, GA",9363,8995,368,3.9,9566,9261,305,3.2,9807,9528,279,2.8,9825,9407,418,4.3,10116,9854,262,2.6
13013,GA,"Barrow County, GA",39577,37959,1618,4.1,40221,38878,1343,3.3,41331,40107,1224,3.0,40846,38791,2055,5.0,42115,40882,1233,2.9
13015,GA,"Bartow County, GA",50051,47718,2333,4.7,50368,48427,1941,3.9,50872,49108,1764,3.5,50018,46932,3086,6.2,51257,49456,1801,3.5
13017,GA,"Ben Hill County, GA",5523,5091,432,7.8,5498,5171,327,5.9,5465,5156,309,5.7,5495,5120,375,6.8,5568,5276,292,5.2
13019,GA,"Berrien County, GA",7462,7077,385,5.2,7491,7174,317,4.2,7601,7283,318,4.2,7425,7000,425,5.7,7648,7363,285,3.7
13021,GA,"Bibb County, GA",70237,66475,3762,5.4,69288,66111,3177,4.6,68058,65256,2802,4.1,67232,62222,5010,7.5,67875,64471,3404,5.0
13023,GA,"Bleckley County, GA",4626,4313,313,6.8,4625,4355,270,5.8,4600,4356,244,5.3,4509,4218,291,6.5,4622,4393,229,5.0
13025,GA,"Brantley County, GA",7375,6951,424,5.7,7388,7053,335,4.5,7257,6944,313,4.3,7018,6645,373,5.3,7296,7030,266,3.6
13027,GA,"Brooks County, GA",7111,6788,323,4.5,6984,6704,280,4.0,6885,6641,244,3.5,6745,6391,354,5.2,6821,6566,255,3.7
13029,GA,"Bryan County, GA",17777,17025,752,4.2,18376,17747,629,3.4,19208,18620,588,3.1,19103,18121,982,5.1,19894,19321,573,2.9
13031,GA,"Bulloch County, GA",37025,35145,1880,5.1,37174,35567,1607,4.3,37582,36072,1510,4.0,37178,34769,2409,6.5,38062,36495,1567,4.1
13033,GA,"Burke County, GA",9428,8752,676,7.2,9291,8719,572,6.2,9142,8652,490,5.4,9036,8391,645,7.1,9156,8621,535,5.8
13035,GA,"Butts County, GA",10723,10203,520,4.8,10721,10278,443,4.1,10999,10613,386,3.5,10844,10183,661,6.1,11132,10727,405,3.6
13037,GA,"Calhoun County, GA",2269,2149,120,5.3,2250,2154,96,4.3,2266,2182,84,3.7,2237,2122,115,5.1,2228,2138,90,4.0
13039,GA,"Camden County, GA",21055,19979,1076,5.1,20967,20075,892,4.3,21292,20490,802,3.8,21106,20100,1006,4.8,21658,20973,685,3.2
13043,GA,"Candler County, GA",5279,5061,218,4.1,5361,5176,185,3.5,5623,5450,173,3.1,5732,5482,250,4.4,6009,5827,182,3.0
13045,GA,"Carroll County, GA",55432,52618,2814,5.1,55094,52854,2240,4.1,55771,53746,2025,3.6,54696,51259,3437,6.3,56140,54073,2067,3.7
13047,GA,"Catoosa County, GA",33171,31790,1381,4.2,33567,32408,1159,3.5,33534,32479,1055,3.1,32604,31183,1421,4.4,33457,32551,906,2.7
13049,GA,"Charlton County, GA",4907,4658,249,5.1,4821,4610,211,4.4,4923,4729,194,3.9,4873,4687,186,3.8,4959,4802,157,3.2
13051,GA,"Chatham County, GA",140182,133838,6344,4.5,140421,135108,5313,3.8,141320,136469,4851,3.4,139696,129111,10585,7.6,143877,137644,6233,4.3
13053,GA,"Chattahoochee County, GA",2008,1870,138,6.9,2040,1927,113,5.5,2033,1937,96,4.7,1919,1798,121,6.3,1912,1826,86,4.5
13055,GA,"Chattooga County, GA",10659,10152,507,4.8,10524,10089,435,4.1,10403,9859,544,5.2,9754,8943,811,8.3,9562,9107,455,4.8
13057,GA,"Cherokee County, GA",132308,127318,4990,3.8,135240,130961,4279,3.2,137413,133463,3950,2.9,135061,128633,6428,4.8,139406,135761,3645,2.6
13059,GA,"Clarke County, GA",61504,58562,2942,4.8,61020,58558,2462,4.0,59791,57559,2232,3.7,57996,54293,3703,6.4,59167,56922,2245,3.8
13061,GA,"Clay County, GA",876,796,80,9.1,852,787,65,7.6,883,820,63,7.1,901,791,110,12.2,884,794,90,10.2
13063,GA,"Clayton County, GA",136466,128439,8027,5.9,137560,130725,6835,5.0,138283,132129,6154,4.5,138704,124431,14273,10.3,140309,131120,9189,6.5
13065,GA,"Clinch County, GA",2804,2647,157,5.6,2769,2642,127,4.6,2823,2715,108,3.8,2961,2846,115,3.9,3022,2933,89,2.9
13067,GA,"Cobb County, GA",425019,407484,17535,4.1,423633,408917,14716,3.5,424395,411105,13290,3.1,412115,387938,24177,5.9,423126,409319,13807,3.3
13069,GA,"Coffee County, GA",18633,17675,958,5.1,18877,18017,860,4.6,19251,18477,774,4.0,18941,17845,1096,5.8,18845,18079,766,4.1
13071,GA,"Colquitt County, GA",22288,21276,1012,4.5,21594,20773,821,3.8,21793,21082,711,3.3,21863,20888,975,4.5,22227,21514,713,3.2
13073,GA,"Columbia County, GA",74967,71853,3114,4.2,75896,73226,2670,3.5,76219,73803,2416,3.2,75307,72176,3131,4.2,76478,74420,2058,2.7
13075,GA,"Cook County, GA",7789,7433,356,4.6,7869,7568,301,3.8,8172,7887,285,3.5,8099,7715,384,4.7,8237,7957,280,3.4
13077,GA,"Coweta County, GA",73342,70242,3100,4.2,74329,71737,2592,3.5,75472,73141,2331,3.1,74415,69877,4538,6.1,76218,73661,2557,3.4
13079,GA,"Crawford County, GA",5786,5499,287,5.0,5710,5469,241,4.2,5653,5440,213,3.8,5414,5139,275,5.1,5523,5319,204,3.7
13081,GA,"Crisp County, GA",9493,8996,497,5.2,9424,8962,462,4.9,9606,9220,386,4.0,9714,8841,873,9.0,10068,9206,862,8.6
13083,GA,"Dade County, GA",8287,7921,366,4.4,8238,7933,305,3.7,8137,7858,279,3.4,7784,7463,321,4.1,8049,7839,210,2.6
13085,GA,"Dawson County, GA",11991,11524,467,3.9,12289,11875,414,3.4,12740,12363,377,3.0,12665,12082,583,4.6,13115,12765,350,2.7
13087,GA,"Decatur County, GA",11773,11115,658,5.6,11528,10981,547,4.7,11684,11227,457,3.9,11320,10778,542,4.8,11338,10923,415,3.7
13089,GA,"DeKalb County, GA",399020,379705,19315,4.8,398529,382178,16351,4.1,398467,384029,14438,3.6,393461,362325,31136,7.9,400667,382143,18524,4.6
13091,GA,"Dodge County, GA",7202,6748,454,6.3,7184,6807,377,5.2,7173,6774,399,5.6,6922,6508,414,6.0,7005,6709,296,4.2
13093,GA,"Dooly County, GA",5136,4874,262,5.1,5137,4894,243,4.7,5082,4884,198,3.9,4974,4528,446,9.0,4936,4577,359,7.3
13095,GA,"Dougherty County, GA",39291,36904,2387,6.1,38709,36603,2106,5.4,37755,35934,1821,4.8,37482,34250,3232,8.6,37494,35110,2384,6.4
13097,GA,"Douglas County, GA",72751,69159,3592,4.9,73085,70001,3084,4.2,73302,70570,2732,3.7,72409,67092,5317,7.3,74001,70771,3230,4.4
13099,GA,"Early County, GA",4577,4326,251,5.5,4547,4335,212,4.7,4390,4211,179,4.1,4418,4164,254,5.7,4338,4121,217,5.0
13101,GA,"Echols County, GA",1923,1847,76,4.0,1923,1861,62,3.2,1914,1859,55,2.9,1882,1808,74,3.9,1897,1845,52,2.7
13103,GA,"Effingham County, GA",29747,28534,1213,4.1,31029,30003,1026,3.3,32274,31320,954,3.0,31877,30316,1561,4.9,33266,32292,974,2.9
13105,GA,"Elbert County, GA",7937,7517,420,5.3,7854,7472,382,4.9,7861,7541,320,4.1,7931,7386,545,6.9,7810,7429,381,4.9
13107,GA,"Emanuel County, GA",8679,8094,585,6.7,8352,7852,500,6.0,8429,7966,463,5.5,8568,7971,597,7.0,8698,8240,458,5.3
13109,GA,"Evans County, GA",4937,4720,217,4.4,4920,4736,184,3.7,4950,4777,173,3.5,5008,4751,257,5.1,5179,4998,181,3.5
13111,GA,"Fannin County, GA",11088,10553,535,4.8,11321,10865,456,4.0,11505,11103,402,3.5,11132,10608,524,4.7,11797,11463,334,2.8
13113,GA,"Fayette County, GA",57532,55167,2365,4.1,57777,55732,2045,3.5,58109,56284,1825,3.1,56597,53572,3025,5.3,58170,56475,1695,2.9
13115,GA,"Floyd County, GA",44645,42301,2344,5.3,44504,42570,1934,4.3,44200,42415,1785,4.0,43126,40440,2686,6.2,43891,42277,1614,3.7
13117,GA,"Forsyth County, GA",117589,113136,4453,3.8,121554,117661,3893,3.2,125208,121604,3604,2.9,122975,117458,5517,4.5,127031,123874,3157,2.5
13119,GA,"Franklin County, GA",10178,9688,490,4.8,10053,9662,391,3.9,10214,9842,372,3.6,9892,9315,577,5.8,10111,9740,371,3.7
13121,GA,"Fulton County, GA",554157,527208,26949,4.9,555510,532702,22808,4.1,560936,540379,20557,3.7,558764,514565,44199,7.9,569144,542664,26480,4.7
13123,GA,"Gilmer County, GA",12125,11509,616,5.1,12023,11511,512,4.3,12043,11602,441,3.7,12019,11460,559,4.7,12343,11969,374,3.0
13125,GA,"Glascock County, GA",1312,1246,66,5.0,1291,1237,54,4.2,1278,1229,49,3.8,1246,1196,50,4.0,1263,1230,33,2.6
13127,GA,"Glynn County, GA",40196,38282,1914,4.8,40057,38556,1501,3.7,38862,37488,1374,3.5,38295,35722,2573,6.7,39201,37727,1474,3.8
13129,GA,"Gordon County, GA",26929,25675,1254,4.7,27582,26503,1079,3.9,28513,27505,1008,3.5,28096,26579,1517,5.4,28846,27923,923,3.2
13131,GA,"Grady County, GA",10852,10319,533,4.9,10675,10259,416,3.9,10677,10304,373,3.5,10622,10160,462,4.3,11040,10695,345,3.1
13133,GA,"Greene County, GA",6897,6538,359,5.2,7059,6752,307,4.3,7314,7022,292,4.0,7190,6774,416,5.8,7231,6961,270,3.7
13135,GA,"Gwinnett County, GA",486776,465984,20792,4.3,488189,470734,17455,3.6,491076,475438,15638,3.2,480249,450036,30213,6.3,492181,475000,17181,3.5
13137,GA,"Habersham County, GA",19492,18595,897,4.6,19471,18734,737,3.8,19474,18784,690,3.5,18721,17713,1008,5.4,18592,17930,662,3.6
13139,GA,"Hall County, GA",101342,97352,3990,3.9,102344,99022,3322,3.2,102878,99859,3019,2.9,102326,97547,4779,4.7,104792,102000,2792,2.7
13141,GA,"Hancock County, GA",2554,2372,182,7.1,2475,2326,149,6.0,2518,2372,146,5.8,2540,2317,223,8.8,2530,2369,161,6.4
13143,GA,"Haralson County, GA",12504,11901,603,4.8,12527,12038,489,3.9,12591,12151,440,3.5,12369,11651,718,5.8,12750,12303,447,3.5
13145,GA,"Harris County, GA",16807,16103,704,4.2,16917,16334,583,3.4,16949,16409,540,3.2,16845,16087,758,4.5,16881,16397,484,2.9
13147,GA,"Hart County, GA",11359,10851,508,4.5,11753,11320,433,3.7,11620,11198,422,3.6,11329,10719,610,5.4,11640,11184,456,3.9
13149,GA,"Heard County, GA",5218,4956,262,5.0,5233,5027,206,3.9,5234,5052,182,3.5,5107,4778,329,6.4,5239,5036,203,3.9
13151,GA,"Henry County, GA",113509,107957,5552,4.9,115136,110310,4826,4.2,116961,112605,4356,3.7,116410,107965,8445,7.3,118685,113693,4992,4.2
13153,GA,"Houston County, GA",69853,66524,3329,4.8,70389,67520,2869,4.1,71274,68789,2485,3.5,70486,66812,3674,5.2,71710,69142,2568,3.6
13155,GA,"Irwin County, GA",3314,3080,234,7.1,3331,3141,190,5.7,3407,3244,163,4.8,3484,3289,195,5.6,3568,3407,161,4.5
13157,GA,"Jackson County, GA",35635,34315,1320,3.7,36462,35325,1137,3.1,37798,36743,1055,2.8,40061,38323,1738,4.3,42806,41787,1019,2.4
13159,GA,"Jasper County, GA",6922,6621,301,4.3,6912,6666,246,3.6,6987,6759,228,3.3,6818,6487,331,4.9,7065,6838,227,3.2
13161,GA,"Jeff Davis County, GA",6190,5813,377,6.1,6095,5796,299,4.9,6195,5902,293,4.7,6133,5820,313,5.1,6100,5858,242,4.0
13163,GA,"Jefferson County, GA",6813,6389,424,6.2,6730,6368,362,5.4,6644,6316,328,4.9,6674,6227,447,6.7,6979,6652,327,4.7
13165,GA,"Jenkins County, GA",3196,2979,217,6.8,3190,3017,173,5.4,3213,3044,169,5.3,3189,2988,201,6.3,3217,3066,151,4.7
13167,GA,"Johnson County, GA",4140,3929,211,5.1,4107,3944,163,4.0,4080,3925,155,3.8,4001,3805,196,4.9,4150,4003,147,3.5
13169,GA,"Jones County, GA",14071,13457,614,4.4,13946,13430,516,3.7,13768,13311,457,3.3,13365,12761,604,4.5,13642,13224,418,3.1
13171,GA,"Lamar County, GA",8127,7668,459,5.6,8234,7848,386,4.7,8216,7883,333,4.1,7984,7483,501,6.3,8249,7904,345,4.2
13173,GA,"Lanier County, GA",3884,3684,200,5.1,3802,3630,172,4.5,3785,3628,157,4.1,3801,3602,199,5.2,3850,3703,147,3.8
13175,GA,"Laurens County, GA",19469,18315,1154,5.9,19501,18552,949,4.9,19590,18664,926,4.7,19280,18000,1280,6.6,19818,18974,844,4.3
13177,GA,"Lee County, GA",15193,14555,638,4.2,14842,14304,538,3.6,15153,14677,476,3.1,15026,14343,683,4.5,15173,14707,466,3.1
13179,GA,"Liberty County, GA",25749,24412,1337,5.2,25924,24802,1122,4.3,25996,24972,1024,3.9,25708,24110,1598,6.2,26349,25304,1045,4.0
13181,GA,"Lincoln County, GA",3604,3414,190,5.3,3610,3429,181,5.0,3555,3413,142,4.0,3508,3320,188,5.4,3558,3415,143,4.0
13183,GA,"Long County, GA",8053,7660,393,4.9,8070,7746,324,4.0,8353,8035,318,3.8,8184,7828,356,4.3,8467,8210,257,3.0
13185,GA,"Lowndes County, GA",52197,49748,2449,4.7,51914,49772,2142,4.1,51738,49834,1904,3.7,51492,48386,3106,6.0,51719,49616,2103,4.1
13187,GA,"Lumpkin County, GA",16898,16191,707,4.2,16759,16154,605,3.6,16960,16398,562,3.3,16557,15770,787,4.8,17402,16923,479,2.8
13189,GA,"McDuffie County, GA",8982,8417,565,6.3,8946,8441,505,5.6,8766,8295,471,5.4,8550,7877,673,7.9,8554,8107,447,5.2
13191,GA,"McIntosh County, GA",6197,5881,316,5.1,6270,6017,253,4.0,6108,5878,230,3.8,5946,5611,335,5.6,6129,5904,225,3.7
13193,GA,"Macon County, GA",4765,4431,334,7.0,4712,4416,296,6.3,4729,4504,225,4.8,4653,4300,353,7.6,4684,4389,295,6.3
13195,GA,"Madison County, GA",13692,13102,590,4.3,13717,13226,491,3.6,13430,13000,430,3.2,13217,12553,664,5.0,13599,13184,415,3.1
13197,GA,"Marion County, GA",3459,3249,210,6.1,3380,3203,177,5.2,3298,3152,146,4.4,3238,3075,163,5.0,3257,3139,118,3.6
13199,GA,"Meriwether County, GA",8951,8418,533,6.0,8888,8437,451,5.1,8907,8484,423,4.7,8741,7991,750,8.6,8897,8429,468,5.3
13201,GA,"Miller County, GA",2849,2721,128,4.5,2777,2674,103,3.7,2807,2712,95,3.4,2770,2660,110,4.0,2782,2698,84,3.0
13205,GA,"Mitchell County, GA",8581,8040,541,6.3,8393,7934,459,5.5,8500,8100,400,4.7,8287,7746,541,6.5,8228,7813,415,5.0
13207,GA,"Monroe County, GA",13234,12638,596,4.5,13225,12736,489,3.7,13039,12596,443,3.4,12899,12254,645,5.0,13124,12714,410,3.1
13209,GA,"Montgomery County, GA",3801,3549,252,6.6,3869,3644,225,5.8,3931,3722,209,5.3,3831,3625,206,5.4,3858,3699,159,4.1
13211,GA,"Morgan County, GA",9076,8665,411,4.5,9213,8880,333,3.6,9392,9085,307,3.3,9222,8732,490,5.3,9521,9212,309,3.2
13213,GA,"Murray County, GA",16016,15021,995,6.2,16034,15174,860,5.4,15643,14815,828,5.3,15378,14230,1148,7.5,15477,14812,665,4.3
13215,GA,"Muscogee County, GA",79786,75013,4773,6.0,78991,74911,4080,5.2,77914,74199,3715,4.8,77213,71219,5994,7.8,76629,72553,4076,5.3
13217,GA,"Newton County, GA",51731,48957,2774,5.4,52082,49719,2363,4.5,52934,50793,2141,4.0,52123,48448,3675,7.1,53410,51064,2346,4.4
13219,GA,"Oconee County, GA",19655,18955,700,3.6,20133,19529,604,3.0,20069,19536,533,2.7,19609,18893,716,3.7,20285,19842,443,2.2
13221,GA,"Oglethorpe County, GA",7123,6813,310,4.4,7142,6875,267,3.7,7045,6809,236,3.3,6845,6522,323,4.7,7027,6826,201,2.9
13223,GA,"Paulding County, GA",83612,80127,3485,4.2,85596,82609,2987,3.5,87765,85070,2695,3.1,86807,82242,4565,5.3,89362,86668,2694,3.0
13225,GA,"Peach County, GA",11875,11174,701,5.9,11890,11266,624,5.2,11913,11405,508,4.3,11835,11102,733,6.2,12060,11498,562,4.7
13227,GA,"Pickens County, GA",15123,14471,652,4.3,15228,14681,547,3.6,15469,14981,488,3.2,15031,14319,712,4.7,15533,15099,434,2.8
13229,GA,"Pierce County, GA",8877,8471,406,4.6,8744,8409,335,3.8,8701,8392,309,3.6,8513,8129,384,4.5,8623,8354,269,3.1
13231,GA,"Pike County, GA",8746,8352,394,4.5,8881,8557,324,3.6,8999,8714,285,3.2,8697,8271,426,4.9,8981,8728,253,2.8
13233,GA,"Polk County, GA",18663,17679,984,5.3,18591,17800,791,4.3,18593,17889,704,3.8,18280,17199,1081,5.9,18480,17823,657,3.6
13235,GA,"Pulaski County, GA",4133,3914,219,5.3,4049,3870,179,4.4,4070,3906,164,4.0,3953,3767,186,4.7,4048,3902,146,3.6
13237,GA,"Putnam County, GA",8253,7772,481,5.8,8278,7861,417,5.0,8334,7958,376,4.5,8289,7756,533,6.4,8661,8314,347,4.0
13239,GA,"Quitman County, GA",841,791,50,5.9,828,781,47,5.7,813,770,43,5.3,795,745,50,6.3,768,730,38,4.9
13241,GA,"Rabun County, GA",6973,6627,346,5.0,7136,6847,289,4.0,7326,7058,268,3.7,7235,6854,381,5.3,7528,7292,236,3.1
13243,GA,"Randolph County, GA",2540,2374,166,6.5,2488,2348,140,5.6,2558,2431,127,5.0,2466,2320,146,5.9,2373,2250,123,5.2
13245,GA,"Richmond County, GA",86817,81598,5219,6.0,86144,81613,4531,5.3,85470,81412,4058,4.7,84055,77658,6397,7.6,84416,79901,4515,5.3
13247,GA,"Rockdale County, GA",44841,42450,2391,5.3,44669,42670,1999,4.5,44649,42863,1786,4.0,43615,40322,3293,7.6,44591,42529,2062,4.6
13249,GA,"Schley County, GA",2233,2110,123,5.5,2201,2098,103,4.7,2260,2170,90,4.0,2146,2054,92,4.3,2134,2055,79,3.7
13251,GA,"Screven County, GA",5321,4985,336,6.3,5298,5008,290,5.5,5166,4875,291,5.6,5047,4638,409,8.1,5122,4834,288,5.6
13253,GA,"Seminole County, GA",3117,2915,202,6.5,3050,2886,164,5.4,3110,2972,138,4.4,3096,2942,154,5.0,3059,2945,114,3.7
13255,GA,"Spalding County, GA",28604,26926,1678,5.9,28646,27277,1369,4.8,28770,27562,1208,4.2,28339,26205,2134,7.5,28984,27627,1357,4.7
13257,GA,"Stephens County, GA",11139,10553,586,5.3,10980,10471,509,4.6,10849,10422,427,3.9,10428,9767,661,6.3,10512,10059,453,4.3
13259,GA,"Stewart County, GA",2303,2165,138,6.0,2372,2257,115,4.8,2499,2389,110,4.4,2513,2373,140,5.6,2562,2464,98,3.8
13261,GA,"Sumter County, GA",13030,12138,892,6.8,12734,11967,767,6.0,12891,12255,636,4.9,12586,11651,935,7.4,12334,11627,707,5.7
13263,GA,"Talbot County, GA",2821,2647,174,6.2,2841,2696,145,5.1,2830,2700,130,4.6,2756,2570,186,6.7,2775,2649,126,4.5
13265,GA,"Taliaferro County, GA",581,542,39,6.7,570,539,31,5.4,547,518,29,5.3,533,495,38,7.1,535,508,27,5.0
13267,GA,"Tattnall County, GA",9687,9205,482,5.0,9706,9293,413,4.3,9771,9387,384,3.9,9670,9258,412,4.3,9621,9313,308,3.2
13269,GA,"Taylor County, GA",2848,2598,250,8.8,2790,2607,183,6.6,3039,2909,130,4.3,2768,2569,199,7.2,2950,2782,168,5.7
13271,GA,"Telfair County, GA",4832,4451,381,7.9,4370,4073,297,6.8,4307,3894,413,9.6,3799,3426,373,9.8,3735,3467,268,7.2
13273,GA,"Terrell County, GA",3703,3479,224,6.0,3582,3340,242,6.8,3553,3369,184,5.2,3527,3264,263,7.5,3568,3347,221,6.2
13275,GA,"Thomas County, GA",17382,16366,1016,5.8,16919,16116,803,4.7,17033,16339,694,4.1,16997,15944,1053,6.2,17576,16841,735,4.2
13277,GA,"Tift County, GA",19316,18407,909,4.7,19395,18610,785,4.0,20340,19643,697,3.4,20533,19496,1037,5.1,21225,20501,724,3.4
13279,GA,"Toombs County, GA",11934,11148,786,6.6,11896,11196,700,5.9,12027,11422,605,5.0,12159,11372,787,6.5,12171,11627,544,4.5
13281,GA,"Towns County, GA",3802,3550,252,6.6,3922,3699,223,5.7,3980,3781,199,5.0,3871,3617,254,6.6,4055,3895,160,3.9
13283,GA,"Treutlen County, GA",2762,2575,187,6.8,2714,2555,159,5.9,2732,2586,146,5.3,2658,2497,161,6.1,2630,2518,112,4.3
13285,GA,"Troup County, GA",37728,36055,1673,4.4,36758,35381,1377,3.7,38059,36806,1253,3.3,37586,34897,2689,7.2,37678,36030,1648,4.4
13287,GA,"Turner County, GA",3308,3121,187,5.7,3183,3020,163,5.1,3226,3100,126,3.9,3262,3025,237,7.3,3283,3073,210,6.4
13289,GA,"Twiggs County, GA",2998,2770,228,7.6,2930,2755,175,6.0,2863,2698,165,5.8,2786,2579,207,7.4,2804,2661,143,5.1
13291,GA,"Union County, GA",10252,9786,466,4.5,10352,9968,384,3.7,10516,10174,342,3.3,10546,10087,459,4.4,11094,10794,300,2.7
13293,GA,"Upson County, GA",11387,10759,628,5.5,11398,10891,507,4.4,11430,11008,422,3.7,11367,10625,742,6.5,11628,11162,466,4.0
13295,GA,"Walker County, GA",31170,29750,1420,4.6,31362,30136,1226,3.9,31462,30288,1174,3.7,30562,29065,1497,4.9,31304,30327,977,3.1
13297,GA,"Walton County, GA",45166,43196,1970,4.4,45841,44183,1658,3.6,46257,44765,1492,3.2,45552,43123,2429,5.3,46945,45448,1497,3.2
13299,GA,"Ware County, GA",15979,15248,731,4.6,15612,14991,621,4.0,15524,14927,597,3.8,15302,14456,846,5.5,15404,14837,567,3.7
13301,GA,"Warren County, GA",2750,2588,162,5.9,2760,2622,138,5.0,2766,2630,136,4.9,2639,2461,178,6.7,2684,2558,126,4.7
13303,GA,"Washington County, GA",7440,6998,442,5.9,7164,6801,363,5.1,7070,6765,305,4.3,6924,6483,441,6.4,6875,6532,343,5.0
13305,GA,"Wayne County, GA",11467,10808,659,5.7,11425,10886,539,4.7,11535,11054,481,4.2,11557,10916,641,5.5,11919,11473,446,3.7
13307,GA,"Webster County, GA",1004,928,76,7.6,1001,938,63,6.3,1029,977,52,5.1,1015,958,57,5.6,992,948,44,4.4
13309,GA,"Wheeler County, GA",1756,1598,158,9.0,1671,1547,124,7.4,1678,1552,126,7.5,1611,1495,116,7.2,1637,1547,90,5.5
13311,GA,"White County, GA",15854,15237,617,3.9,16198,15699,499,3.1,16583,16118,465,2.8,16247,15545,702,4.3,16616,16194,422,2.5
13313,GA,"Whitfield County, GA",45374,42883,2491,5.5,45116,42939,2177,4.8,43978,41941,2037,4.6,43110,40013,3097,7.2,43361,41664,1697,3.9
13315,GA,"Wilcox County, GA",2792,2629,163,5.8,2687,2545,142,5.3,2718,2594,124,4.6,2754,2588,166,6.0,2778,2649,129,4.6
13317,GA,"Wilkes County, GA",3852,3633,219,5.7,3833,3652,181,4.7,3816,3634,182,4.8,3642,3397,245,6.7,3657,3486,171,4.7
13319,GA,"Wilkinson County, GA",3847,3628,219,5.7,3853,3680,173,4.5,4057,3899,158,3.9,3801,3600,201,5.3,3657,3505,152,4.2
13321,GA,"Worth County, GA",9357,8899,458,4.9,8969,8565,404,4.5,9062,8700,362,4.0,8813,8335,478,5.4,8888,8536,352,4.0
15001,HI,"Hawaii County, HI",95104,92655,2449,2.6,94721,92033,2688,2.8,93600,90674,2926,3.1,91636,80942,10694,11.7,93848,88679,5169,5.5
15003,HI,"Honolulu County/city, HI",472592,462531,10061,2.1,469477,458834,10643,2.3,463895,453077,10818,2.3,449402,402127,47275,10.5,451661,427780,23881,5.3
15007,HI,"Kauai County, HI",37831,37008,823,2.2,37508,36616,892,2.4,37682,36770,912,2.4,36330,30307,6023,16.6,35949,33153,2796,7.8
15009,HI,"Maui County, HI",89776,87671,2105,2.3,90276,88198,2078,2.3,89513,87393,2120,2.4,85122,69603,15519,18.2,86954,80575,6379,7.3
16001,ID,"Ada County, ID",236081,229402,6679,2.8,246302,240076,6226,2.5,256429,249853,6576,2.6,259488,245265,14223,5.5,266936,258240,8696,3.3
16003,ID,"Adams County, ID",1760,1659,101,5.7,1730,1634,96,5.5,1734,1615,119,6.9,1776,1606,170,9.6,1804,1685,119,6.6
16005,ID,"Bannock County, ID",41785,40502,1283,3.1,41994,40820,1174,2.8,42950,41720,1230,2.9,42314,40211,2103,5.0,42735,41215,1520,3.6
16007,ID,"Bear Lake County, ID",2849,2758,91,3.2,2873,2790,83,2.9,2999,2910,89,3.0,3088,2956,132,4.3,3121,3027,94,3.0
16009,ID,"Benewah County, ID",4033,3808,225,5.6,4041,3855,186,4.6,4121,3902,219,5.3,4164,3843,321,7.7,4092,3864,228,5.6
16011,ID,"Bingham County, ID",23189,22496,693,3.0,23447,22798,649,2.8,23979,23330,649,2.7,23923,22984,939,3.9,24278,23503,775,3.2
16013,ID,"Blaine County, ID",12310,11992,318,2.6,12411,12111,300,2.4,12447,12116,331,2.7,12800,11790,1010,7.9,12885,12416,469,3.6
16015,ID,"Boise County, ID",3227,3072,155,4.8,3409,3264,145,4.3,3550,3395,155,4.4,3647,3353,294,8.1,3734,3532,202,5.4
16017,ID,"Bonner County, ID",19387,18510,877,4.5,19792,18969,823,4.2,20253,19390,863,4.3,21174,19536,1638,7.7,21552,20519,1033,4.8
16019,ID,"Bonneville County, ID",53921,52459,1462,2.7,55541,54180,1361,2.5,57575,56173,1402,2.4,58505,56095,2410,4.1,60471,58722,1749,2.9
16021,ID,"Boundary County, ID",5186,4938,248,4.8,5296,5060,236,4.5,5409,5162,247,4.6,5538,5186,352,6.4,5597,5353,244,4.4
16023,ID,"Butte County, ID",1341,1301,40,3.0,1371,1326,45,3.3,1386,1349,37,2.7,1394,1343,51,3.7,1447,1392,55,3.8
16025,ID,"Camas County, ID",687,668,19,2.8,692,676,16,2.3,688,668,20,2.9,691,657,34,4.9,704,680,24,3.4
16027,ID,"Canyon County, ID",97206,93690,3516,3.6,101255,98059,3196,3.2,105652,102201,3451,3.3,107190,100806,6384,6.0,110244,105885,4359,4.0
16029,ID,"Caribou County, ID",3890,3768,122,3.1,3895,3785,110,2.8,4145,4032,113,2.7,4123,3972,151,3.7,4128,4000,128,3.1
16031,ID,"Cassia County, ID",11801,11505,296,2.5,11856,11588,268,2.3,12252,11950,302,2.5,12447,11982,465,3.7,12613,12248,365,2.9
16033,ID,"Clark County, ID",401,389,12,3.0,384,372,12,3.1,380,365,15,3.9,378,363,15,4.0,377,365,12,3.2
16035,ID,"Clearwater County, ID",3026,2815,211,7.0,2934,2732,202,6.9,2924,2724,200,6.8,3044,2787,257,8.4,3033,2837,196,6.5
16037,ID,"Custer County, ID",2174,2081,93,4.3,2196,2107,89,4.1,2240,2145,95,4.2,2239,2125,114,5.1,2279,2173,106,4.7
16039,ID,"Elmore County, ID",11263,10850,413,3.7,11472,11091,381,3.3,11662,11275,387,3.3,11910,11323,587,4.9,12015,11566,449,3.7
16041,ID,"Franklin County, ID",6798,6641,157,2.3,6915,6763,152,2.2,7135,6966,169,2.4,7182,6922,260,3.6,7369,7187,182,2.5
16043,ID,"Fremont County, ID",7667,7463,204,2.7,7824,7632,192,2.5,7818,7633,185,2.4,7922,7625,297,3.7,8191,7955,236,2.9
16045,ID,"Gem County, ID",7922,7605,317,4.0,8103,7818,285,3.5,8397,8115,282,3.4,8519,8010,509,6.0,8739,8380,359,4.1
16047,ID,"Gooding County, ID",8077,7877,200,2.5,8145,7947,198,2.4,8286,8066,220,2.7,8300,7977,323,3.9,8381,8117,264,3.1
16049,ID,"Idaho County, ID",6353,6038,315,5.0,6473,6166,307,4.7,6633,6331,302,4.6,6738,6279,459,6.8,6822,6487,335,4.9
16051,ID,"Jefferson County, ID",13169,12833,336,2.6,13695,13380,315,2.3,14107,13774,333,2.4,14201,13703,498,3.5,14673,14274,399,2.7
16053,ID,"Jerome County, ID",11719,11388,331,2.8,12051,11740,311,2.6,12348,12023,325,2.6,12174,11674,500,4.1,12348,11936,412,3.3
16055,ID,"Kootenai County, ID",76222,73269,2953,3.9,78234,75468,2766,3.5,80800,77878,2922,3.6,81939,76149,5790,7.1,82719,79179,3540,4.3
16057,ID,"Latah County, ID",20187,19649,538,2.7,20312,19799,513,2.5,20640,20082,558,2.7,19745,18787,958,4.9,19857,19197,660,3.3
16059,ID,"Lemhi County, ID",3500,3318,182,5.2,3529,3370,159,4.5,3586,3414,172,4.8,3654,3405,249,6.8,3713,3515,198,5.3
16061,ID,"Lewis County, ID",1625,1530,95,5.8,1629,1538,91,5.6,1648,1556,92,5.6,1658,1527,131,7.9,1661,1567,94,5.7
16063,ID,"Lincoln County, ID",2721,2633,88,3.2,2722,2628,94,3.5,2698,2600,98,3.6,2657,2496,161,6.1,2698,2578,120,4.4
16065,ID,"Madison County, ID",21323,20918,405,1.9,21778,21397,381,1.7,22187,21774,413,1.9,22398,21780,618,2.8,23322,22810,512,2.2
16067,ID,"Minidoka County, ID",11067,10769,298,2.7,11101,10819,282,2.5,11499,11205,294,2.6,11686,11226,460,3.9,11852,11480,372,3.1
16069,ID,"Nez Perce County, ID",21308,20698,610,2.9,21091,20501,590,2.8,21153,20549,604,2.9,20899,19861,1038,5.0,20918,20235,683,3.3
16071,ID,"Oneida County, ID",2271,2205,66,2.9,2345,2293,52,2.2,2339,2285,54,2.3,2348,2248,100,4.3,2578,2514,64,2.5
16073,ID,"Owyhee County, ID",5341,5129,212,4.0,5444,5244,200,3.7,5469,5280,189,3.5,5556,5221,335,6.0,5604,5361,243,4.3
16075,ID,"Payette County, ID",11563,11104,459,4.0,11623,11200,423,3.6,11808,11381,427,3.6,12012,11362,650,5.4,12081,11598,483,4.0
16077,ID,"Power County, ID",3982,3847,135,3.4,4105,3984,121,2.9,4115,3986,129,3.1,4139,3968,171,4.1,4159,3999,160,3.8
16079,ID,"Shoshone County, ID",5069,4749,320,6.3,5104,4806,298,5.8,5201,4891,310,6.0,5473,4963,510,9.3,5499,5135,364,6.6
16081,ID,"Teton County, ID",6173,6015,158,2.6,6450,6302,148,2.3,6674,6522,152,2.3,6701,6316,385,5.7,7105,6898,207,2.9
16083,ID,"Twin Falls County, ID",40399,39174,1225,3.0,40915,39791,1124,2.7,41632,40449,1183,2.8,41544,39322,2222,5.3,42103,40600,1503,3.6
16085,ID,"Valley County, ID",5174,4946,228,4.4,5380,5175,205,3.8,5601,5379,222,4.0,5691,5231,460,8.1,5784,5480,304,5.3
16087,ID,"Washington County, ID",4633,4416,217,4.7,4656,4461,195,4.2,4647,4452,195,4.2,4769,4505,264,5.5,4838,4627,211,4.4
17001,IL,"Adams County, IL",32432,31172,1260,3.9,32975,31715,1260,3.8,32290,31239,1051,3.3,31139,29136,2003,6.4,30856,29647,1209,3.9
17003,IL,"Alexander County, IL",2136,1957,179,8.4,2074,1905,169,8.1,1947,1828,119,6.1,1834,1644,190,10.4,1831,1682,149,8.1
17005,IL,"Bond County, IL",7930,7579,351,4.4,7818,7480,338,4.3,7783,7498,285,3.7,7396,6876,520,7.0,7425,7084,341,4.6
17007,IL,"Boone County, IL",26202,24445,1757,6.7,26663,25147,1516,5.7,26397,24983,1414,5.4,25318,22421,2897,11.4,24982,22849,2133,8.5
17009,IL,"Brown County, IL",2865,2783,82,2.9,2889,2814,75,2.6,3009,2938,71,2.4,2981,2864,117,3.9,3012,2937,75,2.5
17011,IL,"Bureau County, IL",17412,16558,854,4.9,17536,16673,863,4.9,17225,16457,768,4.5,16377,15110,1267,7.7,16347,15536,811,5.0
17013,IL,"Calhoun County, IL",2338,2212,126,5.4,2331,2211,120,5.1,2316,2213,103,4.4,2171,1999,172,7.9,2164,2061,103,4.8
17015,IL,"Carroll County, IL",7630,7277,353,4.6,7494,7163,331,4.4,7390,7101,289,3.9,7432,6892,540,7.3,7545,7226,319,4.2
17017,IL,"Cass County, IL",6156,5877,279,4.5,6133,5860,273,4.5,6086,5846,240,3.9,5810,5417,393,6.8,5667,5389,278,4.9
17019,IL,"Champaign County, IL",107070,102504,4566,4.3,108359,103728,4631,4.3,109107,105208,3899,3.6,106836,99733,7103,6.6,108489,103230,5259,4.8
17021,IL,"Christian County, IL",14780,13994,786,5.3,14808,14033,775,5.2,14519,13849,670,4.6,13498,12378,1120,8.3,13401,12671,730,5.4
17023,IL,"Clark County, IL",7903,7504,399,5.0,7832,7415,417,5.3,7656,7315,341,4.5,7285,6699,586,8.0,7233,6870,363,5.0
17025,IL,"Clay County, IL",6655,6301,354,5.3,6695,6348,347,5.2,6478,6197,281,4.3,6194,5601,593,9.6,5900,5574,326,5.5
17027,IL,"Clinton County, IL",20331,19610,721,3.5,20489,19766,723,3.5,20634,20022,612,3.0,19653,18485,1168,5.9,19742,19061,681,3.4
17029,IL,"Coles County, IL",24489,23344,1145,4.7,24257,23125,1132,4.7,23883,22966,917,3.8,23059,21314,1745,7.6,22756,21591,1165,5.1
17031,IL,"Cook County, IL",2689206,2551081,138125,5.1,2673365,2561204,112161,4.2,2684430,2578917,105513,3.9,2624052,2351173,272879,10.4,2594101,2411555,182546,7.0
17033,IL,"Crawford County, IL",8880,8415,465,5.2,8746,8278,468,5.4,8686,8327,359,4.1,8385,7789,596,7.1,8469,8043,426,5.0
17035,IL,"Cumberland County, IL",6129,5883,246,4.0,6115,5872,243,4.0,6121,5920,201,3.3,5926,5582,344,5.8,5920,5674,246,4.2
17037,IL,"DeKalb County, IL",54909,52362,2547,4.6,55365,52946,2419,4.4,55690,53508,2182,3.9,52854,48449,4405,8.3,53006,50012,2994,5.6
17039,IL,"De Witt County, IL",7706,7343,363,4.7,7587,7206,381,5.0,7462,7152,310,4.2,6993,6523,470,6.7,7094,6748,346,4.9
17041,IL,"Douglas County, IL",10263,9843,420,4.1,10325,9908,417,4.0,10254,9905,349,3.4,9964,9391,573,5.8,10153,9778,375,3.7
17043,IL,"DuPage County, IL",522426,501579,20847,4.0,522629,505711,16918,3.2,525102,509120,15982,3.0,503125,465172,37953,7.5,499576,477095,22481,4.5
17045,IL,"Edgar County, IL",9475,9008,467,4.9,9314,8873,441,4.7,8957,8588,369,4.1,8875,8277,598,6.7,8931,8572,359,4.0
17047,IL,"Edwards County, IL",2855,2721,134,4.7,2791,2662,129,4.6,2718,2606,112,4.1,2651,2426,225,8.5,2550,2420,130,5.1
17049,IL,"Effingham County, IL",18920,18199,721,3.8,19232,18520,712,3.7,19335,18738,597,3.1,19186,17889,1297,6.8,19397,18644,753,3.9
17051,IL,"Fayette County, IL",9688,9159,529,5.5,9822,9315,507,5.2,9930,9514,416,4.2,9700,8963,737,7.6,9804,9303,501,5.1
17053,IL,"Ford County, IL",6462,6151,311,4.8,6456,6156,300,4.6,6352,6090,262,4.1,6156,5746,410,6.7,6207,5932,275,4.4
17055,IL,"Franklin County, IL",16609,15533,1076,6.5,16932,15897,1035,6.1,16417,15570,847,5.2,15935,14230,1705,10.7,15656,14618,1038,6.6
17057,IL,"Fulton County, IL",15503,14512,991,6.4,15305,14366,939,6.1,15205,14396,809,5.3,14556,13290,1266,8.7,14421,13601,820,5.7
17059,IL,"Gallatin County, IL",2474,2327,147,5.9,2454,2309,145,5.9,2339,2227,112,4.8,2009,1819,190,9.5,1954,1835,119,6.1
17061,IL,"Greene County, IL",6026,5720,306,5.1,6028,5737,291,4.8,6060,5812,248,4.1,5882,5491,391,6.6,5874,5601,273,4.6
17063,IL,"Grundy County, IL",26041,24528,1513,5.8,26206,24936,1270,4.8,26525,25297,1228,4.6,25379,23211,2168,8.5,25122,23796,1326,5.3
17065,IL,"Hamilton County, IL",4468,4268,200,4.5,4487,4291,196,4.4,4429,4265,164,3.7,4201,3918,283,6.7,4208,4025,183,4.3
17067,IL,"Hancock County, IL",8532,8093,439,5.1,8518,8122,396,4.6,8419,8041,378,4.5,8064,7496,568,7.0,8079,7731,348,4.3
17069,IL,"Hardin County, IL",1353,1250,103,7.6,1334,1235,99,7.4,1306,1225,81,6.2,1288,1166,122,9.5,1322,1233,89,6.7
17071,IL,"Henderson County, IL",3653,3467,186,5.1,3666,3489,177,4.8,3634,3469,165,4.5,3534,3283,251,7.1,3543,3401,142,4.0
17073,IL,"Henry County, IL",25028,23750,1278,5.1,25083,23838,1245,5.0,25076,23934,1142,4.6,23700,21809,1891,8.0,23644,22491,1153,4.9
17075,IL,"Iroquois County, IL",14621,13949,672,4.6,14507,13867,640,4.4,14367,13789,578,4.0,13541,12684,857,6.3,13086,12470,616,4.7
17077,IL,"Jackson County, IL",28103,26842,1261,4.5,28114,26853,1261,4.5,27997,26985,1012,3.6,27136,25004,2132,7.9,27201,25730,1471,5.4
17079,IL,"Jasper County, IL",4493,4269,224,5.0,4623,4394,229,5.0,4656,4467,189,4.1,4572,4290,282,6.2,4723,4522,201,4.3
17081,IL,"Jefferson County, IL",17510,16556,954,5.4,17806,16877,929,5.2,17429,16663,766,4.4,16941,15220,1721,10.2,16498,15476,1022,6.2
17083,IL,"Jersey County, IL",10965,10436,529,4.8,11009,10482,527,4.8,11065,10601,464,4.2,10580,9770,810,7.7,10545,10083,462,4.4
17085,IL,"Jo Daviess County, IL",11074,10580,494,4.5,11070,10594,476,4.3,10827,10407,420,3.9,10435,9559,876,8.4,10552,10087,465,4.4
17087,IL,"Johnson County, IL",4122,3813,309,7.5,4127,3817,310,7.5,4142,3902,240,5.8,4083,3712,371,9.1,4088,3843,245,6.0
17089,IL,"Kane County, IL",269864,256822,13042,4.8,274523,261185,13338,4.9,272881,261268,11613,4.3,261149,236858,24291,9.3,259900,244555,15345,5.9
17091,IL,"Kankakee County, IL",54890,51879,3011,5.5,55656,52619,3037,5.5,55937,53259,2678,4.8,53863,49036,4827,9.0,52515,49100,3415,6.5
17093,IL,"Kendall County, IL",69516,66478,3038,4.4,70561,68014,2547,3.6,72001,69530,2471,3.4,70224,64661,5563,7.9,69542,66284,3258,4.7
17095,IL,"Knox County, IL",22526,21356,1170,5.2,22212,21047,1165,5.2,21779,20747,1032,4.7,21053,19199,1854,8.8,20453,19110,1343,6.6
17097,IL,"Lake County, IL",372970,356138,16832,4.5,378279,361329,16950,4.5,377561,362682,14879,3.9,363910,334143,29767,8.2,365816,346560,19256,5.3
17099,IL,"LaSalle County, IL",56177,53036,3141,5.6,56203,52986,3217,5.7,54764,51979,2785,5.1,52669,47627,5042,9.6,52681,49536,3145,6.0
17101,IL,"Lawrence County, IL",6095,5705,390,6.4,6036,5663,373,6.2,5920,5608,312,5.3,5747,5226,521,9.1,5602,5261,341,6.1
17103,IL,"Lee County, IL",17840,17065,775,4.3,17953,17178,775,4.3,17642,16972,670,3.8,17085,15894,1191,7.0,16913,16144,769,4.5
17105,IL,"Livingston County, IL",16684,15941,743,4.5,16695,15976,719,4.3,16603,15959,644,3.9,15874,14784,1090,6.9,15499,14739,760,4.9
17107,IL,"Logan County, IL",12873,12279,594,4.6,12929,12328,601,4.6,12672,12146,526,4.2,12057,11226,831,6.9,11820,11253,567,4.8
17109,IL,"McDonough County, IL",13541,12862,679,5.0,13402,12742,660,4.9,13448,12852,596,4.4,12774,11844,930,7.3,12693,12069,624,4.9
17111,IL,"McHenry County, IL",170561,163010,7551,4.4,170418,164248,6170,3.6,171810,165911,5899,3.4,164754,151528,13226,8.0,163096,155389,7707,4.7
17113,IL,"McLean County, IL",89435,85748,3687,4.1,89202,85542,3660,4.1,88203,85039,3164,3.6,84781,78925,5856,6.9,85656,81746,3910,4.6
17115,IL,"Macon County, IL",49665,46914,2751,5.5,50025,47262,2763,5.5,48744,46300,2444,5.0,47056,42338,4718,10.0,46552,42989,3563,7.7
17117,IL,"Macoupin County, IL",23010,21885,1125,4.9,23106,21985,1121,4.9,23057,22117,940,4.1,21896,20351,1545,7.1,21984,20988,996,4.5
17119,IL,"Madison County, IL",134303,127896,6407,4.8,134724,128681,6043,4.5,135030,129990,5040,3.7,130887,120552,10335,7.9,130828,124425,6403,4.9
17121,IL,"Marion County, IL",17707,16778,929,5.2,17900,17028,872,4.9,17706,16958,748,4.2,17044,15441,1603,9.4,16810,15835,975,5.8
17123,IL,"Marshall County, IL",5464,5169,295,5.4,5447,5162,285,5.2,5346,5101,245,4.6,5060,4680,380,7.5,5092,4806,286,5.6
17125,IL,"Mason County, IL",6433,6042,391,6.1,6328,5954,374,5.9,6296,5976,320,5.1,5908,5428,480,8.1,5904,5584,320,5.4
17127,IL,"Massac County, IL",5855,5476,379,6.5,5731,5335,396,6.9,5610,5311,299,5.3,5413,4866,547,10.1,5368,5059,309,5.8
17129,IL,"Menard County, IL",6516,6240,276,4.2,6541,6275,266,4.1,6410,6174,236,3.7,6043,5647,396,6.6,6145,5893,252,4.1
17131,IL,"Mercer County, IL",8080,7666,414,5.1,8134,7710,424,5.2,8068,7681,387,4.8,7597,6971,626,8.2,7555,7184,371,4.9
17133,IL,"Monroe County, IL",18506,17877,629,3.4,18809,18168,641,3.4,19180,18619,561,2.9,18371,17334,1037,5.6,18465,17886,579,3.1
17135,IL,"Montgomery County, IL",11942,11261,681,5.7,11929,11231,698,5.9,11769,11184,585,5.0,11430,10421,1009,8.8,11279,10668,611,5.4
17137,IL,"Morgan County, IL",16441,15721,720,4.4,16401,15682,719,4.4,16515,15882,633,3.8,15854,14746,1108,7.0,15739,14958,781,5.0
17139,IL,"Moultrie County, IL",7339,7055,284,3.9,7530,7247,283,3.8,7618,7376,242,3.2,7244,6870,374,5.2,7337,7077,260,3.5
17141,IL,"Ogle County, IL",25428,24125,1303,5.1,25519,24256,1263,4.9,25002,23845,1157,4.6,24093,22102,1991,8.3,23645,22277,1368,5.8
17143,IL,"Peoria County, IL",86296,81231,5065,5.9,86643,81849,4794,5.5,85172,81021,4151,4.9,83410,74688,8722,10.5,82725,76764,5961,7.2
17145,IL,"Perry County, IL",8415,7909,506,6.0,8475,7973,502,5.9,8341,7931,410,4.9,8068,7298,770,9.5,7928,7472,456,5.8
17147,IL,"Piatt County, IL",8557,8209,348,4.1,8591,8230,361,4.2,8619,8320,299,3.5,8351,7887,464,5.6,8495,8153,342,4.0
17149,IL,"Pike County, IL",7302,6971,331,4.5,7235,6889,346,4.8,7054,6762,292,4.1,6731,6323,408,6.1,6787,6510,277,4.1
17151,IL,"Pope County, IL",1786,1670,116,6.5,1765,1659,106,6.0,1685,1596,89,5.3,1638,1506,132,8.1,1676,1591,85,5.1
17153,IL,"Pulaski County, IL",2127,1958,169,7.9,2077,1911,166,8.0,1953,1829,124,6.3,1757,1549,208,11.8,1702,1544,158,9.3
17155,IL,"Putnam County, IL",3007,2858,149,5.0,3048,2888,160,5.2,3041,2893,148,4.9,2938,2689,249,8.5,2956,2808,148,5.0
17157,IL,"Randolph County, IL",14201,13575,626,4.4,14228,13609,619,4.4,14340,13841,499,3.5,13728,12740,988,7.2,13674,13082,592,4.3
17159,IL,"Richland County, IL",7560,7198,362,4.8,7521,7174,347,4.6,7257,6974,283,3.9,7350,6843,507,6.9,7057,6753,304,4.3
17161,IL,"Rock Island County, IL",71323,67677,3646,5.1,71529,67823,3706,5.2,70995,67620,3375,4.8,68489,61912,6577,9.6,67709,63924,3785,5.6
17163,IL,"St. Clair County, IL",126599,120179,6420,5.1,127097,120729,6368,5.0,127373,121998,5375,4.2,124057,112587,11470,9.2,123792,116222,7570,6.1
17165,IL,"Saline County, IL",9783,9152,631,6.4,9881,9246,635,6.4,9661,9173,488,5.1,9502,8559,943,9.9,9274,8661,613,6.6
17167,IL,"Sangamon County, IL",101845,97335,4510,4.4,101647,97167,4480,4.4,99908,96007,3901,3.9,96553,88467,8086,8.4,97844,92423,5421,5.5
17169,IL,"Schuyler County, IL",3340,3188,152,4.6,3345,3198,147,4.4,3265,3136,129,4.0,3126,2929,197,6.3,3150,3026,124,3.9
17171,IL,"Scott County, IL",2458,2329,129,5.2,2486,2358,128,5.1,2512,2398,114,4.5,2347,2189,158,6.7,2296,2179,117,5.1
17173,IL,"Shelby County, IL",10427,9966,461,4.4,10757,10301,456,4.2,10646,10250,396,3.7,10210,9539,671,6.6,10192,9768,424,4.2
17175,IL,"Stark County, IL",2571,2408,163,6.3,2595,2434,161,6.2,2527,2388,139,5.5,2352,2178,174,7.4,2362,2233,129,5.5
17177,IL,"Stephenson County, IL",21682,20669,1013,4.7,22219,21190,1029,4.6,21819,20911,908,4.2,21056,19492,1564,7.4,20851,19705,1146,5.5
17179,IL,"Tazewell County, IL",64722,61264,3458,5.3,65070,61926,3144,4.8,64246,61545,2701,4.2,61851,56747,5104,8.3,61358,58305,3053,5.0
17181,IL,"Union County, IL",7371,6896,475,6.4,7466,6990,476,6.4,7465,7062,403,5.4,7175,6585,590,8.2,7169,6763,406,5.7
17183,IL,"Vermilion County, IL",34024,31813,2211,6.5,33640,31584,2056,6.1,33145,31518,1627,4.9,32302,29399,2903,9.0,31753,29689,2064,6.5
17185,IL,"Wabash County, IL",5654,5358,296,5.2,5826,5538,288,4.9,5854,5619,235,4.0,5673,5193,480,8.5,5409,5165,244,4.5
17187,IL,"Warren County, IL",8670,8308,362,4.2,8729,8367,362,4.1,8515,8184,331,3.9,8049,7541,508,6.3,7782,7425,357,4.6
17189,IL,"Washington County, IL",9571,9284,287,3.0,9890,9601,289,2.9,10023,9778,245,2.4,9528,9019,509,5.3,9551,9264,287,3.0
17191,IL,"Wayne County, IL",6960,6531,429,6.2,6925,6544,381,5.5,7002,6683,319,4.6,6760,6190,570,8.4,6766,6449,317,4.7
17193,IL,"White County, IL",6693,6363,330,4.9,6736,6450,286,4.2,6627,6381,246,3.7,6084,5605,479,7.9,5956,5660,296,5.0
17195,IL,"Whiteside County, IL",28228,26869,1359,4.8,28652,27371,1281,4.5,28759,27593,1166,4.1,27618,25367,2251,8.2,27339,26015,1324,4.8
17197,IL,"Will County, IL",367608,348996,18612,5.1,367616,352220,15396,4.2,370932,356223,14709,4.0,358767,326219,32548,9.1,354842,334452,20390,5.7
17199,IL,"Williamson County, IL",31852,30213,1639,5.1,32198,30576,1622,5.0,32203,30886,1317,4.1,31360,28585,2775,8.8,31145,29419,1726,5.5
17201,IL,"Winnebago County, IL",139230,130256,8974,6.4,141660,133661,7999,5.6,139696,132166,7530,5.4,135434,119837,15597,11.5,133417,122161,11256,8.4
17203,IL,"Woodford County, IL",18956,18125,831,4.4,19114,18341,773,4.0,18967,18294,673,3.5,17945,16831,1114,6.2,18001,17289,712,4.0
18001,IN,"Adams County, IN",17260,16812,448,2.6,17515,17062,453,2.6,17396,16929,467,2.7,16776,15831,945,5.6,16691,16326,365,2.2
18003,IN,"Allen County, IN",181184,175203,5981,3.3,184869,179078,5791,3.1,187735,181889,5846,3.1,185442,170981,14461,7.8,184097,177326,6771,3.7
18005,IN,"Bartholomew County, IN",44507,43301,1206,2.7,45181,44002,1179,2.6,45228,44108,1120,2.5,43673,40792,2881,6.6,42821,41594,1227,2.9
18007,IN,"Benton County, IN",4496,4344,152,3.4,4567,4421,146,3.2,4539,4396,143,3.2,4162,3938,224,5.4,4199,4085,114,2.7
18009,IN,"Blackford County, IN",5340,5127,213,4.0,5327,5124,203,3.8,5013,4820,193,3.8,4829,4440,389,8.1,4685,4512,173,3.7
18011,IN,"Boone County, IN",35395,34398,997,2.8,36241,35270,971,2.7,36757,35861,896,2.4,36106,34547,1559,4.3,36964,36190,774,2.1
18013,IN,"Brown County, IN",7556,7301,255,3.4,7701,7460,241,3.1,7646,7418,228,3.0,7532,7018,514,6.8,7637,7389,248,3.2
18015,IN,"Carroll County, IN",10072,9730,342,3.4,10238,9906,332,3.2,10131,9826,305,3.0,9408,8816,592,6.3,9497,9219,278,2.9
18017,IN,"Cass County, IN",17889,17213,676,3.8,18276,17611,665,3.6,18089,17470,619,3.4,17636,16420,1216,6.9,17216,16594,622,3.6
18019,IN,"Clark County, IN",60883,58780,2103,3.5,61947,59852,2095,3.4,62520,60480,2040,3.3,61662,57175,4487,7.3,61556,59580,1976,3.2
18021,IN,"Clay County, IN",12284,11831,453,3.7,12338,11862,476,3.9,11822,11394,428,3.6,11593,10826,767,6.6,11473,11063,410,3.6
18023,IN,"Clinton County, IN",16976,16460,516,3.0,17204,16723,481,2.8,17276,16818,458,2.7,16738,15785,953,5.7,16723,16261,462,2.8
18025,IN,"Crawford County, IN",4946,4728,218,4.4,4954,4735,219,4.4,4888,4690,198,4.1,4869,4515,354,7.3,4788,4613,175,3.7
18027,IN,"Daviess County, IN",15943,15501,442,2.8,16531,16088,443,2.7,16818,16385,433,2.6,16549,15909,640,3.9,16405,16030,375,2.3
18029,IN,"Dearborn County, IN",25754,24769,985,3.8,25901,24967,934,3.6,25962,25055,907,3.5,25346,23576,1770,7.0,25257,24500,757,3.0
18031,IN,"Decatur County, IN",14699,14273,426,2.9,14964,14522,442,3.0,15517,15089,428,2.8,14956,13821,1135,7.6,14786,14368,418,2.8
18033,IN,"DeKalb County, IN",22266,21621,645,2.9,22528,21896,632,2.8,22746,22111,635,2.8,22211,20670,1541,6.9,22028,21434,594,2.7
18035,IN,"Delaware County, IN",54357,52060,2297,4.2,54201,52048,2153,4.0,53692,51643,2049,3.8,52470,48593,3877,7.4,51868,49842,2026,3.9
18037,IN,"Dubois County, IN",23201,22607,594,2.6,23363,22791,572,2.4,23253,22705,548,2.4,22595,21563,1032,4.6,22020,21490,530,2.4
18039,IN,"Elkhart County, IN",112355,109531,2824,2.5,116165,113186,2979,2.6,112981,109538,3443,3.0,110525,102105,8420,7.6,115907,113007,2900,2.5
18041,IN,"Fayette County, IN",9076,8624,452,5.0,9165,8745,420,4.6,8798,8388,410,4.7,8600,7753,847,9.8,8393,8023,370,4.4
18043,IN,"Floyd County, IN",40885,39537,1348,3.3,41855,40494,1361,3.3,42282,40974,1308,3.1,41324,38615,2709,6.6,41370,40221,1149,2.8
18045,IN,"Fountain County, IN",7910,7597,313,4.0,8105,7815,290,3.6,8054,7776,278,3.5,7732,7219,513,6.6,7628,7409,219,2.9
18047,IN,"Franklin County, IN",11217,10816,401,3.6,11413,10995,418,3.7,11517,11128,389,3.4,11319,10644,675,6.0,11196,10893,303,2.7
18049,IN,"Fulton County, IN",9765,9428,337,3.5,10011,9679,332,3.3,9924,9615,309,3.1,9676,9034,642,6.6,9445,9133,312,3.3
18051,IN,"Gibson County, IN",19111,18553,558,2.9,19455,18943,512,2.6,19629,19140,489,2.5,19577,18352,1225,6.3,19133,18653,480,2.5
18053,IN,"Grant County, IN",31847,30623,1224,3.8,32202,30982,1220,3.8,31933,30769,1164,3.6,31602,29582,2020,6.4,31094,29939,1155,3.7
18055,IN,"Greene County, IN",13605,12966,639,4.7,13752,13152,600,4.4,13700,13140,560,4.1,13267,12435,832,6.3,13423,12967,456,3.4
18057,IN,"Hamilton County, IN",178341,173483,4858,2.7,183248,178344,4904,2.7,188283,183590,4693,2.5,184949,176246,8703,4.7,188744,184603,4141,2.2
18059,IN,"Hancock County, IN",39143,37972,1171,3.0,40186,38982,1204,3.0,41243,40094,1149,2.8,40767,38451,2316,5.7,41318,40259,1059,2.6
18061,IN,"Harrison County, IN",19922,19237,685,3.4,20434,19741,693,3.4,20510,19861,649,3.2,19966,18699,1267,6.3,20019,19485,534,2.7
18063,IN,"Hendricks County, IN",87205,84702,2503,2.9,89701,87137,2564,2.9,91794,89345,2449,2.7,90251,85655,4596,5.1,91963,89665,2298,2.5
18065,IN,"Henry County, IN",22177,21373,804,3.6,22445,21667,778,3.5,22252,21534,718,3.2,21883,20431,1452,6.6,21673,20971,702,3.2
18067,IN,"Howard County, IN",37973,36537,1436,3.8,37468,35952,1516,4.0,36596,35132,1464,4.0,37140,33065,4075,11.0,34727,32591,2136,6.2
18069,IN,"Huntington County, IN",18403,17752,651,3.5,18401,17757,644,3.5,18352,17759,593,3.2,18060,16857,1203,6.7,18004,17472,532,3.0
18071,IN,"Jackson County, IN",22451,21787,664,3.0,22850,22206,644,2.8,23020,22418,602,2.6,23103,21431,1672,7.2,23214,22522,692,3.0
18073,IN,"Jasper County, IN",16395,15695,700,4.3,16488,15849,639,3.9,16281,15683,598,3.7,15535,14428,1107,7.1,15355,14814,541,3.5
18075,IN,"Jay County, IN",9787,9445,342,3.5,9790,9470,320,3.3,9456,9176,280,3.0,8815,8231,584,6.6,8746,8512,234,2.7
18077,IN,"Jefferson County, IN",15075,14521,554,3.7,15126,14616,510,3.4,15158,14654,504,3.3,14955,13834,1121,7.5,14891,14422,469,3.1
18079,IN,"Jennings County, IN",13243,12744,499,3.8,13615,13127,488,3.6,13655,13216,439,3.2,13559,12508,1051,7.8,13342,12852,490,3.7
18081,IN,"Johnson County, IN",80941,78569,2372,2.9,82772,80411,2361,2.9,84055,81817,2238,2.7,82993,78282,4711,5.7,84093,81932,2161,2.6
18083,IN,"Knox County, IN",18627,17996,631,3.4,18875,18285,590,3.1,18577,18019,558,3.0,18271,17175,1096,6.0,18090,17576,514,2.8
18085,IN,"Kosciusko County, IN",41574,40450,1124,2.7,42793,41681,1112,2.6,42670,41496,1174,2.8,41373,38796,2577,6.2,40499,39392,1107,2.7
18087,IN,"LaGrange County, IN",19988,19483,505,2.5,20672,20161,511,2.5,20097,19544,553,2.8,19299,18047,1252,6.5,20421,20017,404,2.0
18089,IN,"Lake County, IN",230066,218433,11633,5.1,232050,220711,11339,4.9,229282,218059,11223,4.9,226215,202695,23520,10.4,222818,209298,13520,6.1
18091,IN,"LaPorte County, IN",47805,45695,2110,4.4,48130,46059,2071,4.3,47621,45604,2017,4.2,47361,42770,4591,9.7,46208,43873,2335,5.1
18093,IN,"Lawrence County, IN",20815,19911,904,4.3,21151,20350,801,3.8,21191,20437,754,3.6,20682,19223,1459,7.1,20729,20007,722,3.5
18095,IN,"Madison County, IN",58558,56248,2310,3.9,59050,56770,2280,3.9,59166,57004,2162,3.7,58444,53754,4690,8.0,58663,56257,2406,4.1
18097,IN,"Marion County, IN",483473,466168,17305,3.6,489271,472325,16946,3.5,495927,479869,16058,3.2,492797,453225,39572,8.0,497073,474976,22097,4.4
18099,IN,"Marshall County, IN",23678,22959,719,3.0,23394,22662,732,3.1,23375,22662,713,3.1,22685,21212,1473,6.5,22445,21850,595,2.7
18101,IN,"Martin County, IN",5137,4985,152,3.0,5224,5082,142,2.7,5399,5259,140,2.6,5407,5173,234,4.3,5389,5252,137,2.5
18103,IN,"Miami County, IN",15862,15246,616,3.9,15848,15221,627,4.0,15361,14764,597,3.9,15180,13928,1252,8.2,14721,14076,645,4.4
18105,IN,"Monroe County, IN",68496,66031,2465,3.6,69640,67160,2480,3.6,70605,68277,2328,3.3,67917,64099,3818,5.6,69181,67166,2015,2.9
18107,IN,"Montgomery County, IN",18991,18416,575,3.0,19129,18556,573,3.0,18912,18344,568,3.0,18609,17632,977,5.3,18414,17933,481,2.6
18109,IN,"Morgan County, IN",35868,34617,1251,3.5,36324,35105,1219,3.4,36563,35452,1111,3.0,35482,33531,1951,5.5,36205,35153,1052,2.9
18111,IN,"Newton County, IN",7073,6737,336,4.8,7062,6759,303,4.3,6919,6635,284,4.1,6557,6100,457,7.0,6526,6280,246,3.8
18113,IN,"Noble County, IN",23132,22425,707,3.1,23683,22997,686,2.9,23801,23075,726,3.1,22856,20926,1930,8.4,21988,21273,715,3.3
18115,IN,"Ohio County, IN",3151,3038,113,3.6,3192,3082,110,3.4,3228,3117,111,3.4,3158,2923,235,7.4,3121,3042,79,2.5
18117,IN,"Orange County, IN",8717,8374,343,3.9,8579,8249,330,3.8,8698,8404,294,3.4,8504,7552,952,11.2,8149,7804,345,4.2
18119,IN,"Owen County, IN",9190,8794,396,4.3,9347,8945,402,4.3,9334,8965,369,4.0,9015,8436,579,6.4,9156,8830,326,3.6
18121,IN,"Parke County, IN",7190,6905,285,4.0,7159,6875,284,4.0,7054,6789,265,3.8,6853,6474,379,5.5,6916,6715,201,2.9
18123,IN,"Perry County, IN",9264,8913,351,3.8,9341,9000,341,3.7,9279,8976,303,3.3,9079,8480,599,6.6,8766,8495,271,3.1
18125,IN,"Pike County, IN",6449,6236,213,3.3,6144,5932,212,3.5,6144,5944,200,3.3,6171,5808,363,5.9,5782,5586,196,3.4
18127,IN,"Porter County, IN",85962,82509,3453,4.0,87469,84168,3301,3.8,86580,83354,3226,3.7,84310,77433,6877,8.2,83182,79974,3208,3.9
18129,IN,"Posey County, IN",13535,13133,402,3.0,13734,13351,383,2.8,13516,13149,367,2.7,12774,12136,638,5.0,12821,12484,337,2.6
18131,IN,"Pulaski County, IN",6380,6161,219,3.4,6515,6316,199,3.1,6566,6369,197,3.0,6401,6009,392,6.1,6276,6091,185,2.9
18133,IN,"Putnam County, IN",16596,15998,598,3.6,16788,16160,628,3.7,16706,16136,570,3.4,16188,15155,1033,6.4,16353,15854,499,3.1
18135,IN,"Randolph County, IN",11734,11250,484,4.1,11628,11180,448,3.9,11351,10935,416,3.7,11194,10452,742,6.6,11874,11524,350,2.9
18137,IN,"Ripley County, IN",14067,13574,493,3.5,14122,13621,501,3.5,14384,13926,458,3.2,13919,13020,899,6.5,13534,13159,375,2.8
18139,IN,"Rush County, IN",8932,8662,270,3.0,9050,8794,256,2.8,9052,8814,238,2.6,8766,8213,553,6.3,8755,8511,244,2.8
18141,IN,"St. Joseph County, IN",134613,129844,4769,3.5,136657,131849,4808,3.5,138514,133631,4883,3.5,133500,122108,11392,8.5,130947,125454,5493,4.2
18143,IN,"Scott County, IN",10466,10073,393,3.8,10635,10226,409,3.8,10622,10247,375,3.5,10463,9569,894,8.5,10362,9961,401,3.9
18145,IN,"Shelby County, IN",22886,22132,754,3.3,23124,22413,711,3.1,23246,22580,666,2.9,23019,21342,1677,7.3,23037,22337,700,3.0
18147,IN,"Spencer County, IN",10919,10557,362,3.3,10993,10637,356,3.2,10890,10556,334,3.1,10337,9754,583,5.6,10418,10133,285,2.7
18149,IN,"Starke County, IN",10453,9998,455,4.4,10420,9970,450,4.3,9939,9513,426,4.3,9746,8954,792,8.1,9555,9142,413,4.3
18151,IN,"Steuben County, IN",19962,19386,576,2.9,20344,19808,536,2.6,20758,20210,548,2.6,19907,18649,1258,6.3,19886,19386,500,2.5
18153,IN,"Sullivan County, IN",8578,8202,376,4.4,8605,8209,396,4.6,8209,7856,353,4.3,7965,7407,558,7.0,7836,7535,301,3.8
18155,IN,"Switzerland County, IN",4998,4800,198,4.0,5077,4882,195,3.8,5043,4877,166,3.3,4805,4413,392,8.2,4666,4505,161,3.5
18157,IN,"Tippecanoe County, IN",95596,92552,3044,3.2,98257,95164,3093,3.1,98284,95360,2924,3.0,91769,85742,6027,6.6,93208,90171,3037,3.3
18159,IN,"Tipton County, IN",8545,8287,258,3.0,9248,8993,255,2.8,9363,9114,249,2.7,9028,8465,563,6.2,8960,8691,269,3.0
18161,IN,"Union County, IN",3611,3500,111,3.1,3568,3457,111,3.1,3595,3480,115,3.2,3468,3274,194,5.6,3471,3389,82,2.4
18163,IN,"Vanderburgh County, IN",93716,90702,3014,3.2,95151,92165,2986,3.1,94428,91550,2878,3.0,92161,85529,6632,7.2,91401,88095,3306,3.6
18165,IN,"Vermillion County, IN",7145,6763,382,5.3,7165,6776,389,5.4,6863,6502,361,5.3,6598,6098,500,7.6,6480,6222,258,4.0
18167,IN,"Vigo County, IN",48956,46914,2042,4.2,49172,47041,2131,4.3,46991,44941,2050,4.4,46209,42549,3660,7.9,45481,43523,1958,4.3
18169,IN,"Wabash County, IN",15130,14608,522,3.5,15009,14498,511,3.4,15072,14611,461,3.1,14471,13578,893,6.2,14406,13986,420,2.9
18171,IN,"Warren County, IN",4092,3955,137,3.3,4213,4079,134,3.2,4212,4088,124,2.9,3964,3745,219,5.5,3973,3870,103,2.6
18173,IN,"Warrick County, IN",32666,31650,1016,3.1,33256,32290,966,2.9,33159,32206,953,2.9,31818,30074,1744,5.5,31859,31028,831,2.6
18175,IN,"Washington County, IN",13631,13129,502,3.7,13846,13364,482,3.5,13843,13393,450,3.3,13558,12609,949,7.0,13510,13088,422,3.1
18177,IN,"Wayne County, IN",30846,29701,1145,3.7,31298,30188,1110,3.5,31044,29957,1087,3.5,30125,28071,2054,6.8,29433,28379,1054,3.6
18179,IN,"Wells County, IN",14118,13705,413,2.9,14416,14015,401,2.8,14488,14099,389,2.7,13871,13059,812,5.9,13851,13496,355,2.6
18181,IN,"White County, IN",13349,12915,434,3.3,13701,13286,415,3.0,13615,13254,361,2.7,13168,12492,676,5.1,13117,12775,342,2.6
18183,IN,"Whitley County, IN",17283,16781,502,2.9,17696,17194,502,2.8,17733,17211,522,2.9,17272,16233,1039,6.0,17253,16793,460,2.7
19001,IA,"Adair County, IA",4176,4061,115,2.8,4195,4096,99,2.4,4347,4250,97,2.2,4239,4076,163,3.8,4307,4174,133,3.1
19003,IA,"Adams County, IA",2154,2104,50,2.3,2148,2107,41,1.9,2221,2184,37,1.7,2057,1981,76,3.7,2027,1966,61,3.0
19005,IA,"Allamakee County, IA",7586,7288,298,3.9,7480,7251,229,3.1,7520,7269,251,3.3,7098,6746,352,5.0,7039,6718,321,4.6
19007,IA,"Appanoose County, IA",6092,5865,227,3.7,5972,5774,198,3.3,6075,5869,206,3.4,5934,5625,309,5.2,5961,5706,255,4.3
19009,IA,"Audubon County, IA",3187,3090,97,3.0,3135,3058,77,2.5,3177,3102,75,2.4,3026,2924,102,3.4,3034,2938,96,3.2
19011,IA,"Benton County, IA",13483,13049,434,3.2,13530,13163,367,2.7,13802,13415,387,2.8,12916,12274,642,5.0,12847,12274,573,4.5
19013,IA,"Black Hawk County, IA",69065,66516,2549,3.7,69528,67585,1943,2.8,70771,68621,2150,3.0,67814,63732,4082,6.0,67282,64194,3088,4.6
19015,IA,"Boone County, IA",14978,14618,360,2.4,15058,14737,321,2.1,15235,14892,343,2.3,14580,14002,578,4.0,14563,14056,507,3.5
19017,IA,"Bremer County, IA",13913,13530,383,2.8,14008,13723,285,2.0,14395,14082,313,2.2,13783,13259,524,3.8,13793,13351,442,3.2
19019,IA,"Buchanan County, IA",11205,10853,352,3.1,11382,11091,291,2.6,11617,11315,302,2.6,11208,10708,500,4.5,11178,10764,414,3.7
19021,IA,"Buena Vista County, IA",11659,11361,298,2.6,11709,11465,244,2.1,11945,11707,238,2.0,11740,11319,421,3.6,11628,11260,368,3.2
19023,IA,"Butler County, IA",7933,7653,280,3.5,7930,7713,217,2.7,8055,7811,244,3.0,7740,7389,351,4.5,7883,7587,296,3.8
19025,IA,"Calhoun County, IA",4334,4204,130,3.0,4346,4237,109,2.5,4337,4232,105,2.4,4102,3938,164,4.0,4061,3901,160,3.9
19027,IA,"Carroll County, IA",11138,10887,251,2.3,10977,10773,204,1.9,11162,10957,205,1.8,10611,10201,410,3.9,10559,10232,327,3.1
19029,IA,"Cass County, IA",7196,6942,254,3.5,7206,7015,191,2.7,7053,6864,189,2.7,6802,6543,259,3.8,6768,6520,248,3.7
19031,IA,"Cedar County, IA",10897,10587,310,2.8,10940,10675,265,2.4,11049,10789,260,2.4,10468,10022,446,4.3,10351,9962,389,3.8
19033,IA,"Cerro Gordo County, IA",23450,22744,706,3.0,23627,23012,615,2.6,24055,23430,625,2.6,23259,22076,1183,5.1,22505,21534,971,4.3
19035,IA,"Cherokee County, IA",6105,5954,151,2.5,6070,5940,130,2.1,6275,6126,149,2.4,6235,6004,231,3.7,6119,5912,207,3.4
19037,IA,"Chickasaw County, IA",6432,6230,202,3.1,6509,6335,174,2.7,6612,6432,180,2.7,6326,6038,288,4.6,6373,6146,227,3.6
19039,IA,"Clarke County, IA",4831,4683,148,3.1,4885,4747,138,2.8,4984,4847,137,2.7,4804,4552,252,5.2,4833,4624,209,4.3
19041,IA,"Clay County, IA",8645,8328,317,3.7,8649,8372,277,3.2,8667,8440,227,2.6,8438,8068,370,4.4,8479,8170,309,3.6
19043,IA,"Clayton County, IA",10276,9877,399,3.9,10288,9963,325,3.2,10349,9991,358,3.5,9739,9197,542,5.6,9632,9139,493,5.1
19045,IA,"Clinton County, IA",23396,22462,934,4.0,22991,22256,735,3.2,23270,22448,822,3.5,22182,20724,1458,6.6,21967,20798,1169,5.3
19047,IA,"Crawford County, IA",8332,7996,336,4.0,8282,8001,281,3.4,8293,8014,279,3.4,7992,7580,412,5.2,7867,7460,407,5.2
19049,IA,"Dallas County, IA",47374,46381,993,2.1,49367,48520,847,1.7,52144,51183,961,1.8,51107,49331,1776,3.5,51851,50351,1500,2.9
19051,IA,"Davis County, IA",4305,4164,141,3.3,4271,4157,114,2.7,4304,4188,116,2.7,4150,3987,163,3.9,4168,4029,139,3.3
19053,IA,"Decatur County, IA",4320,4207,113,2.6,4395,4296,99,2.3,4457,4363,94,2.1,4231,4073,158,3.7,4271,4128,143,3.3
19055,IA,"Delaware County, IA",10603,10326,277,2.6,10585,10367,218,2.1,10806,10566,240,2.2,10470,10065,405,3.9,10412,10067,345,3.3
19057,IA,"Des Moines County, IA",19832,19008,824,4.2,19714,19071,643,3.3,19722,18985,737,3.7,18726,17364,1362,7.3,18427,17262,1165,6.3
19059,IA,"Dickinson County, IA",10198,9831,367,3.6,9983,9667,316,3.2,10266,9984,282,2.7,9853,9364,489,5.0,10128,9728,400,3.9
19061,IA,"Dubuque County, IA",55053,53438,1615,2.9,56129,54774,1355,2.4,57275,55840,1435,2.5,55483,52324,3159,5.7,54963,52531,2432,4.4
19063,IA,"Emmet County, IA",5456,5285,171,3.1,5374,5227,147,2.7,5363,5232,131,2.4,5075,4830,245,4.8,4928,4727,201,4.1
19065,IA,"Fayette County, IA",10586,10207,379,3.6,10665,10349,316,3.0,10805,10439,366,3.4,10323,9771,552,5.3,10172,9694,478,4.7
19067,IA,"Floyd County, IA",8860,8580,280,3.2,8951,8711,240,2.7,9001,8699,302,3.4,8299,7810,489,5.9,8197,7843,354,4.3
19069,IA,"Franklin County, IA",5839,5682,157,2.7,5864,5740,124,2.1,5819,5689,130,2.2,5630,5421,209,3.7,5617,5407,210,3.7
19071,IA,"Fremont County, IA",3848,3749,99,2.6,3771,3701,70,1.9,3786,3688,98,2.6,3724,3612,112,3.0,3720,3613,107,2.9
19073,IA,"Greene County, IA",5480,5332,148,2.7,5469,5345,124,2.3,5526,5400,126,2.3,5350,5128,222,4.1,5336,5152,184,3.4
19075,IA,"Grundy County, IA",6598,6409,189,2.9,6600,6436,164,2.5,6685,6511,174,2.6,6338,6068,270,4.3,6337,6106,231,3.6
19077,IA,"Guthrie County, IA",5612,5435,177,3.2,5619,5473,146,2.6,5690,5527,163,2.9,5432,5167,265,4.9,5491,5258,233,4.2
19079,IA,"Hamilton County, IA",7130,6903,227,3.2,7046,6857,189,2.7,7043,6854,189,2.7,6828,6534,294,4.3,6826,6538,288,4.2
19081,IA,"Hancock County, IA",6191,6033,158,2.6,6058,5918,140,2.3,6018,5881,137,2.3,5796,5533,263,4.5,5718,5500,218,3.8
19083,IA,"Hardin County, IA",8521,8253,268,3.1,8363,8125,238,2.8,8273,8023,250,3.0,7835,7481,354,4.5,7790,7466,324,4.2
19085,IA,"Harrison County, IA",7374,7175,199,2.7,7361,7197,164,2.2,7434,7259,175,2.4,7026,6745,281,4.0,7029,6755,274,3.9
19087,IA,"Henry County, IA",9764,9478,286,2.9,9857,9615,242,2.5,10004,9753,251,2.5,9530,9036,494,5.2,9502,9104,398,4.2
19089,IA,"Howard County, IA",5146,4993,153,3.0,5261,5128,133,2.5,5270,5129,141,2.7,5137,4914,223,4.3,5126,4930,196,3.8
19091,IA,"Humboldt County, IA",5311,5152,159,3.0,5266,5134,132,2.5,5225,5093,132,2.5,4974,4769,205,4.1,4946,4775,171,3.5
19093,IA,"Ida County, IA",4063,3970,93,2.3,4151,4070,81,2.0,4211,4132,79,1.9,4008,3868,140,3.5,3978,3852,126,3.2
19095,IA,"Iowa County, IA",10534,10263,271,2.6,10578,10360,218,2.1,10745,10519,226,2.1,10137,9701,436,4.3,9966,9590,376,3.8
19097,IA,"Jackson County, IA",10987,10621,366,3.3,11103,10796,307,2.8,11226,10890,336,3.0,10670,10035,635,6.0,10589,10059,530,5.0
19099,IA,"Jasper County, IA",19476,18877,599,3.1,19633,19116,517,2.6,20171,19607,564,2.8,19327,18323,1004,5.2,19128,18299,829,4.3
19101,IA,"Jefferson County, IA",9233,8953,280,3.0,9864,9643,221,2.2,10249,10011,238,2.3,9868,9337,531,5.4,9849,9435,414,4.2
19103,IA,"Johnson County, IA",86226,84122,2104,2.4,86935,85260,1675,1.9,88580,86888,1692,1.9,85204,81202,4002,4.7,84310,81160,3150,3.7
19105,IA,"Jones County, IA",10619,10237,382,3.6,10726,10407,319,3.0,10890,10561,329,3.0,10303,9730,573,5.6,10185,9728,457,4.5
19107,IA,"Keokuk County, IA",5243,5059,184,3.5,5223,5073,150,2.9,5349,5184,165,3.1,5183,4933,250,4.8,5181,4953,228,4.4
19109,IA,"Kossuth County, IA",8828,8622,206,2.3,8631,8457,174,2.0,8608,8427,181,2.1,8167,7865,302,3.7,8089,7824,265,3.3
19111,IA,"Lee County, IA",16361,15486,875,5.3,16182,15535,647,4.0,16412,15801,611,3.7,15759,14748,1011,6.4,15340,14431,909,5.9
19113,IA,"Linn County, IA",119930,115983,3947,3.3,122004,118622,3382,2.8,125168,121717,3451,2.8,120317,112852,7465,6.2,118805,112825,5980,5.0
19115,IA,"Louisa County, IA",6129,5932,197,3.2,6141,5980,161,2.6,6167,5988,179,2.9,5985,5697,288,4.8,5903,5650,253,4.3
19117,IA,"Lucas County, IA",4407,4285,122,2.8,4558,4468,90,2.0,4742,4650,92,1.9,4645,4479,166,3.6,4606,4463,143,3.1
19119,IA,"Lyon County, IA",7063,6941,122,1.7,7086,6978,108,1.5,7205,7092,113,1.6,6889,6720,169,2.5,6941,6782,159,2.3
19121,IA,"Madison County, IA",8376,8079,297,3.5,8545,8274,271,3.2,8762,8457,305,3.5,8419,7949,470,5.6,8486,8105,381,4.5
19123,IA,"Mahaska County, IA",11731,11361,370,3.2,11869,11576,293,2.5,12121,11831,290,2.4,11930,11375,555,4.7,11953,11512,441,3.7
19125,IA,"Marion County, IA",17533,17080,453,2.6,18135,17764,371,2.0,18725,18346,379,2.0,18077,17337,740,4.1,18549,17970,579,3.1
19127,IA,"Marshall County, IA",18390,17560,830,4.5,18285,17474,811,4.4,18274,17491,783,4.3,17659,16435,1224,6.9,17329,16207,1122,6.5
19129,IA,"Mills County, IA",7382,7182,200,2.7,7374,7220,154,2.1,7525,7358,167,2.2,7013,6738,275,3.9,6992,6749,243,3.5
19131,IA,"Mitchell County, IA",5828,5706,122,2.1,6005,5898,107,1.8,6888,6775,113,1.6,6098,5896,202,3.3,5812,5636,176,3.0
19133,IA,"Monona County, IA",4558,4395,163,3.6,4517,4393,124,2.7,4531,4404,127,2.8,4401,4197,204,4.6,4416,4222,194,4.4
19135,IA,"Monroe County, IA",3930,3783,147,3.7,3956,3840,116,2.9,4100,3982,118,2.9,3975,3774,201,5.1,3946,3784,162,4.1
19137,IA,"Montgomery County, IA",5000,4845,155,3.1,4998,4877,121,2.4,5091,4963,128,2.5,4890,4667,223,4.6,4880,4679,201,4.1
19139,IA,"Muscatine County, IA",22079,21367,712,3.2,22082,21497,585,2.6,22273,21667,606,2.7,21452,20215,1237,5.8,20871,19890,981,4.7
19141,IA,"O'Brien County, IA",8103,7911,192,2.4,8228,8065,163,2.0,8415,8243,172,2.0,8152,7884,268,3.3,8082,7837,245,3.0
19143,IA,"Osceola County, IA",3626,3552,74,2.0,3570,3502,68,1.9,3598,3532,66,1.8,3528,3428,100,2.8,3530,3445,85,2.4
19145,IA,"Page County, IA",6409,6164,245,3.8,6486,6324,162,2.5,6507,6350,157,2.4,6239,5935,304,4.9,6279,6022,257,4.1
19147,IA,"Palo Alto County, IA",4941,4811,130,2.6,4933,4825,108,2.2,4895,4792,103,2.1,4582,4377,205,4.5,4486,4336,150,3.3
19149,IA,"Plymouth County, IA",14817,14469,348,2.3,14878,14595,283,1.9,15141,14819,322,2.1,14431,13923,508,3.5,14441,14005,436,3.0
19151,IA,"Pocahontas County, IA",4214,4114,100,2.4,4409,4329,80,1.8,4589,4506,83,1.8,4242,4097,145,3.4,4228,4099,129,3.1
19153,IA,"Polk County, IA",262617,254702,7915,3.0,267870,261016,6854,2.6,274940,267525,7415,2.7,266206,250540,15666,5.9,267873,255823,12050,4.5
19155,IA,"Pottawattamie County, IA",48011,46692,1319,2.7,48357,47222,1135,2.3,49077,47929,1148,2.3,47408,44961,2447,5.2,47038,45036,2002,4.3
19157,IA,"Poweshiek County, IA",10517,10194,323,3.1,10613,10364,249,2.3,10566,10301,265,2.5,9832,9360,472,4.8,10031,9586,445,4.4
19159,IA,"Ringgold County, IA",2575,2497,78,3.0,2562,2491,71,2.8,2508,2439,69,2.8,2388,2298,90,3.8,2383,2303,80,3.4
19161,IA,"Sac County, IA",5393,5243,150,2.8,5370,5244,126,2.3,5406,5285,121,2.2,5206,5026,180,3.5,5209,5036,173,3.3
19163,IA,"Scott County, IA",87229,84102,3127,3.6,88802,86193,2609,2.9,91161,88287,2874,3.2,87409,81621,5788,6.6,87116,82382,4734,5.4
19165,IA,"Shelby County, IA",6744,6586,158,2.3,6747,6613,134,2.0,6802,6665,137,2.0,6390,6165,225,3.5,6327,6124,203,3.2
19167,IA,"Sioux County, IA",20552,20146,406,2.0,20788,20418,370,1.8,21517,21134,383,1.8,21310,20761,549,2.6,21797,21276,521,2.4
19169,IA,"Story County, IA",57909,56779,1130,2.0,58714,57780,934,1.6,59442,58409,1033,1.7,57091,55080,2011,3.5,57384,55683,1701,3.0
19171,IA,"Tama County, IA",9677,9347,330,3.4,9621,9336,285,3.0,9692,9407,285,2.9,9295,8828,467,5.0,9146,8719,427,4.7
19173,IA,"Taylor County, IA",3267,3196,71,2.2,3282,3218,64,2.0,3250,3192,58,1.8,3094,2984,110,3.6,3100,3003,97,3.1
19175,IA,"Union County, IA",6491,6292,199,3.1,6462,6233,229,3.5,6413,6217,196,3.1,6204,5850,354,5.7,6088,5817,271,4.5
19177,IA,"Van Buren County, IA",3757,3644,113,3.0,3766,3666,100,2.7,3740,3644,96,2.6,3694,3529,165,4.5,3626,3489,137,3.8
19179,IA,"Wapello County, IA",17800,17007,793,4.5,17924,17312,612,3.4,18098,17469,629,3.5,17461,16440,1021,5.8,16957,16117,840,5.0
19181,IA,"Warren County, IA",27454,26710,744,2.7,28189,27545,644,2.3,28982,28284,698,2.4,27926,26685,1241,4.4,28292,27235,1057,3.7
19183,IA,"Washington County, IA",12348,11992,356,2.9,12142,11855,287,2.4,12240,11952,288,2.4,11484,11023,461,4.0,11446,11016,430,3.8
19185,IA,"Wayne County, IA",2803,2718,85,3.0,2808,2731,77,2.7,2875,2803,72,2.5,2808,2686,122,4.3,2817,2714,103,3.7
19187,IA,"Webster County, IA",19551,18833,718,3.7,19433,18802,631,3.2,19813,19228,585,3.0,18779,17815,964,5.1,18473,17617,856,4.6
19189,IA,"Winnebago County, IA",5211,5049,162,3.1,5071,4941,130,2.6,5220,5083,137,2.6,5077,4761,316,6.2,4949,4741,208,4.2
19191,IA,"Winneshiek County, IA",11957,11596,361,3.0,11957,11639,318,2.7,12155,11824,331,2.7,11200,10666,534,4.8,11385,10913,472,4.1
19193,IA,"Woodbury County, IA",54932,53219,1713,3.1,55799,54403,1396,2.5,57005,55538,1467,2.6,54904,52079,2825,5.1,54789,52431,2358,4.3
19195,IA,"Worth County, IA",4244,4118,126,3.0,4227,4112,115,2.7,4276,4162,114,2.7,4115,3899,216,5.2,4016,3846,170,4.2
19197,IA,"Wright County, IA",6591,6368,223,3.4,6554,6385,169,2.6,7107,6934,173,2.4,7019,6747,272,3.9,6679,6402,277,4.1
20001,KS,"Allen County, KS",6322,6017,305,4.8,6367,6119,248,3.9,6486,6260,226,3.5,6394,6061,333,5.2,6524,6326,198,3.0
20003,KS,"Anderson County, KS",4178,4015,163,3.9,4141,4001,140,3.4,4206,4070,136,3.2,4283,4114,169,3.9,4655,4540,115,2.5
20005,KS,"Atchison County, KS",7074,6708,366,5.2,7044,6728,316,4.5,7035,6676,359,5.1,6851,6400,451,6.6,6742,6485,257,3.8
20007,KS,"Barber County, KS",2463,2394,69,2.8,2394,2335,59,2.5,2330,2273,57,2.4,2312,2240,72,3.1,2301,2257,44,1.9
20009,KS,"Barton County, KS",14132,13624,508,3.6,13602,13173,429,3.2,13707,13288,419,3.1,13638,13032,606,4.4,13371,12983,388,2.9
20011,KS,"Bourbon County, KS",7060,6750,310,4.4,7126,6835,291,4.1,6740,6458,282,4.2,6690,6319,371,5.5,6513,6272,241,3.7
20013,KS,"Brown County, KS",5360,5189,171,3.2,5397,5237,160,3.0,5384,5217,167,3.1,5138,4917,221,4.3,5143,5006,137,2.7
20015,KS,"Butler County, KS",31875,30680,1195,3.7,32131,31054,1077,3.4,32755,31713,1042,3.2,32383,30314,2069,6.4,32456,31315,1141,3.5
20017,KS,"Chase County, KS",1435,1398,37,2.6,1474,1436,38,2.6,1544,1502,42,2.7,1452,1375,77,5.3,1385,1352,33,2.4
20019,KS,"Chautauqua County, KS",1453,1385,68,4.7,1422,1367,55,3.9,1442,1388,54,3.7,1479,1391,88,5.9,1458,1399,59,4.0
20021,KS,"Cherokee County, KS",10169,9774,395,3.9,10087,9720,367,3.6,10188,9842,346,3.4,9974,9469,505,5.1,9907,9617,290,2.9
20023,KS,"Cheyenne County, KS",1321,1287,34,2.6,1317,1287,30,2.3,1313,1282,31,2.4,1302,1274,28,2.2,1299,1276,23,1.8
20025,KS,"Clark County, KS",1091,1064,27,2.5,1068,1043,25,2.3,1074,1049,25,2.3,1135,1113,22,1.9,1139,1118,21,1.8
20027,KS,"Clay County, KS",3834,3692,142,3.7,3805,3686,119,3.1,3800,3681,119,3.1,3808,3644,164,4.3,3795,3698,97,2.6
20029,KS,"Cloud County, KS",3907,3740,167,4.3,3805,3677,128,3.4,3808,3686,122,3.2,3841,3690,151,3.9,3902,3794,108,2.8
20031,KS,"Coffey County, KS",4136,3920,216,5.2,4107,3919,188,4.6,4020,3842,178,4.4,3934,3737,197,5.0,3960,3832,128,3.2
20033,KS,"Comanche County, KS",911,885,26,2.9,889,868,21,2.4,872,850,22,2.5,865,837,28,3.2,891,872,19,2.1
20035,KS,"Cowley County, KS",17041,16397,644,3.8,16885,16323,562,3.3,16410,15868,542,3.3,16774,15711,1063,6.3,16678,16106,572,3.4
20037,KS,"Crawford County, KS",19203,18402,801,4.2,18863,18128,735,3.9,18912,18190,722,3.8,18931,17920,1011,5.3,18935,18334,601,3.2
20039,KS,"Decatur County, KS",1287,1247,40,3.1,1259,1223,36,2.9,1243,1206,37,3.0,1224,1182,42,3.4,1205,1174,31,2.6
20041,KS,"Dickinson County, KS",9311,8958,353,3.8,9153,8841,312,3.4,8915,8605,310,3.5,8867,8455,412,4.6,9097,8828,269,3.0
20043,KS,"Doniphan County, KS",4217,4071,146,3.5,4172,4027,145,3.5,4163,4026,137,3.3,4136,3951,185,4.5,4124,4011,113,2.7
20045,KS,"Douglas County, KS",65614,63527,2087,3.2,65570,63604,1966,3.0,65782,63872,1910,2.9,63957,60252,3705,5.8,64611,62581,2030,3.1
20047,KS,"Edwards County, KS",1521,1474,47,3.1,1501,1466,35,2.3,1471,1434,37,2.5,1460,1418,42,2.9,1464,1433,31,2.1
20049,KS,"Elk County, KS",1193,1143,50,4.2,1174,1136,38,3.2,1160,1117,43,3.7,1167,1112,55,4.7,1158,1125,33,2.8
20051,KS,"Ellis County, KS",17063,16637,426,2.5,17002,16609,393,2.3,17121,16737,384,2.2,17036,16477,559,3.3,17158,16826,332,1.9
20053,KS,"Ellsworth County, KS",2727,2644,83,3.0,2700,2627,73,2.7,2756,2680,76,2.8,2704,2623,81,3.0,2701,2641,60,2.2
20055,KS,"Finney County, KS",20199,19648,551,2.7,20593,20095,498,2.4,20693,20218,475,2.3,20555,19894,661,3.2,20305,19877,428,2.1
20057,KS,"Ford County, KS",17901,17397,504,2.8,17348,16920,428,2.5,17200,16778,422,2.5,17256,16706,550,3.2,17686,17309,377,2.1
20059,KS,"Franklin County, KS",14243,13713,530,3.7,14096,13603,493,3.5,14118,13659,459,3.3,14217,13477,740,5.2,14521,14069,452,3.1
20061,KS,"Geary County, KS",11548,10980,568,4.9,11473,10945,528,4.6,11361,10877,484,4.3,11632,10841,791,6.8,11402,10916,486,4.3
20063,KS,"Gove County, KS",1431,1398,33,2.3,1425,1395,30,2.1,1485,1454,31,2.1,1460,1423,37,2.5,1465,1437,28,1.9
20065,KS,"Graham County, KS",1119,1079,40,3.6,1146,1111,35,3.1,1119,1085,34,3.0,1134,1085,49,4.3,1132,1099,33,2.9
20067,KS,"Grant County, KS",3485,3374,111,3.2,3358,3267,91,2.7,3221,3131,90,2.8,3097,2976,121,3.9,2963,2873,90,3.0
20069,KS,"Gray County, KS",3423,3355,68,2.0,3426,3359,67,2.0,3251,3187,64,2.0,3235,3167,68,2.1,3229,3174,55,1.7
20071,KS,"Greeley County, KS",874,858,16,1.8,861,844,17,2.0,816,798,18,2.2,818,805,13,1.6,822,812,10,1.2
20073,KS,"Greenwood County, KS",3231,3096,135,4.2,3250,3138,112,3.4,3246,3145,101,3.1,3103,2945,158,5.1,3011,2926,85,2.8
20075,KS,"Hamilton County, KS",1639,1600,39,2.4,1631,1600,31,1.9,1602,1573,29,1.8,1615,1590,25,1.5,1620,1598,22,1.4
20077,KS,"Harper County, KS",2657,2559,98,3.7,2750,2674,76,2.8,2872,2800,72,2.5,2782,2664,118,4.2,2774,2701,73,2.6
20079,KS,"Harvey County, KS",16927,16238,689,4.1,16834,16304,530,3.1,17202,16709,493,2.9,16768,15902,866,5.2,16918,16421,497,2.9
20081,KS,"Haskell County, KS",2240,2190,50,2.2,2205,2159,46,2.1,2230,2180,50,2.2,2240,2191,49,2.2,2223,2183,40,1.8
20083,KS,"Hodgeman County, KS",992,967,25,2.5,989,965,24,2.4,994,970,24,2.4,1015,990,25,2.5,1036,1017,19,1.8
20085,KS,"Jackson County, KS",7255,7029,226,3.1,7228,7015,213,2.9,7168,6963,205,2.9,7234,6857,377,5.2,7236,7048,188,2.6
20087,KS,"Jefferson County, KS",10238,9877,361,3.5,10193,9872,321,3.1,10220,9912,308,3.0,10234,9755,479,4.7,10332,10025,307,3.0
20089,KS,"Jewell County, KS",1308,1263,45,3.4,1291,1257,34,2.6,1307,1271,36,2.8,1249,1213,36,2.9,1235,1208,27,2.2
20091,KS,"Johnson County, KS",335466,325342,10124,3.0,337941,328372,9569,2.8,341751,332426,9325,2.7,341523,324768,16755,4.9,343991,334751,9240,2.7
20093,KS,"Kearny County, KS",2071,2020,51,2.5,2093,2046,47,2.2,2045,1998,47,2.3,2025,1975,50,2.5,2048,2015,33,1.6
20095,KS,"Kingman County, KS",3407,3282,125,3.7,3413,3306,107,3.1,3383,3276,107,3.2,3249,3082,167,5.1,3272,3172,100,3.1
20097,KS,"Kiowa County, KS",1351,1317,34,2.5,1307,1277,30,2.3,1292,1263,29,2.2,1245,1207,38,3.1,1220,1194,26,2.1
20099,KS,"Labette County, KS",10387,9920,467,4.5,10251,9854,397,3.9,10087,9692,395,3.9,9648,9122,526,5.5,9413,9093,320,3.4
20101,KS,"Lane County, KS",789,763,26,3.3,794,772,22,2.8,776,756,20,2.6,755,734,21,2.8,747,732,15,2.0
20103,KS,"Leavenworth County, KS",36453,35033,1420,3.9,36401,35102,1299,3.6,36678,35433,1245,3.4,36629,34565,2064,5.6,36842,35624,1218,3.3
20105,KS,"Lincoln County, KS",1692,1644,48,2.8,1708,1667,41,2.4,1676,1638,38,2.3,1734,1686,48,2.8,1689,1652,37,2.2
20107,KS,"Linn County, KS",4427,4168,259,5.9,4431,4175,256,5.8,4425,4162,263,5.9,4329,4028,301,7.0,4331,4145,186,4.3
20109,KS,"Logan County, KS",1681,1645,36,2.1,1692,1657,35,2.1,1629,1596,33,2.0,1608,1571,37,2.3,1632,1606,26,1.6
20111,KS,"Lyon County, KS",16864,16228,636,3.8,16662,16088,574,3.4,16797,16235,562,3.3,16610,15861,749,4.5,16921,16440,481,2.8
20113,KS,"McPherson County, KS",16380,15930,450,2.7,16582,16172,410,2.5,17289,16909,380,2.2,17161,16596,565,3.3,17164,16802,362,2.1
20115,KS,"Marion County, KS",6290,6063,227,3.6,6056,5872,184,3.0,6057,5881,176,2.9,5950,5717,233,3.9,6005,5860,145,2.4
20117,KS,"Marshall County, KS",5505,5352,153,2.8,5504,5364,140,2.5,5523,5368,155,2.8,5482,5321,161,2.9,5436,5331,105,1.9
20119,KS,"Meade County, KS",2287,2231,56,2.4,2287,2241,46,2.0,2160,2111,49,2.3,2148,2091,57,2.7,2187,2139,48,2.2
20121,KS,"Miami County, KS",17402,16755,647,3.7,17460,16844,616,3.5,17772,17193,579,3.3,17570,16720,850,4.8,17750,17231,519,2.9
20123,KS,"Mitchell County, KS",3459,3365,94,2.7,3464,3389,75,2.2,3383,3305,78,2.3,3426,3339,87,2.5,3434,3367,67,2.0
20125,KS,"Montgomery County, KS",15045,14260,785,5.2,14826,14205,621,4.2,14884,14285,599,4.0,14859,13800,1059,7.1,14715,14140,575,3.9
20127,KS,"Morris County, KS",3007,2913,94,3.1,3014,2934,80,2.7,3004,2923,81,2.7,3077,2960,117,3.8,3053,2981,72,2.4
20129,KS,"Morton County, KS",1203,1158,45,3.7,1174,1137,37,3.2,1140,1107,33,2.9,1129,1096,33,2.9,1135,1106,29,2.6
20131,KS,"Nemaha County, KS",5597,5463,134,2.4,5498,5374,124,2.3,5393,5247,146,2.7,5580,5428,152,2.7,5553,5455,98,1.8
20133,KS,"Neosho County, KS",6071,5753,318,5.2,6017,5732,285,4.7,6150,5870,280,4.6,6217,5833,384,6.2,6093,5834,259,4.3
20135,KS,"Ness County, KS",1363,1324,39,2.9,1339,1304,35,2.6,1340,1307,33,2.5,1348,1304,44,3.3,1312,1283,29,2.2
20137,KS,"Norton County, KS",2824,2761,63,2.2,2755,2698,57,2.1,2702,2644,58,2.1,2644,2578,66,2.5,2669,2622,47,1.8
20139,KS,"Osage County, KS",7988,7674,314,3.9,8057,7760,297,3.7,8044,7761,283,3.5,7950,7556,394,5.0,8001,7764,237,3.0
20141,KS,"Osborne County, KS",2022,1967,55,2.7,2051,2000,51,2.5,2042,2002,40,2.0,1972,1920,52,2.6,1961,1925,36,1.8
20143,KS,"Ottawa County, KS",3069,2974,95,3.1,3021,2937,84,2.8,3024,2943,81,2.7,2971,2852,119,4.0,2967,2885,82,2.8
20145,KS,"Pawnee County, KS",3042,2941,101,3.3,2922,2832,90,3.1,2860,2780,80,2.8,2850,2751,99,3.5,2831,2768,63,2.2
20147,KS,"Phillips County, KS",2821,2738,83,2.9,2785,2717,68,2.4,2654,2586,68,2.6,2641,2556,85,3.2,2637,2581,56,2.1
20149,KS,"Pottawatomie County, KS",12250,11875,375,3.1,12528,12191,337,2.7,12455,12107,348,2.8,12132,11642,490,4.0,12242,11935,307,2.5
20151,KS,"Pratt County, KS",4972,4811,161,3.2,4972,4840,132,2.7,4928,4805,123,2.5,4921,4751,170,3.5,4913,4803,110,2.2
20153,KS,"Rawlins County, KS",1462,1429,33,2.3,1481,1451,30,2.0,1500,1467,33,2.2,1544,1506,38,2.5,1632,1606,26,1.6
20155,KS,"Reno County, KS",30159,28996,1163,3.9,29796,28746,1050,3.5,29865,28922,943,3.2,29731,28164,1567,5.3,29772,28825,947,3.2
20157,KS,"Republic County, KS",2466,2397,69,2.8,2424,2360,64,2.6,2287,2230,57,2.5,2313,2241,72,3.1,2356,2302,54,2.3
20159,KS,"Rice County, KS",5416,5243,173,3.2,5308,5157,151,2.8,5260,5117,143,2.7,5082,4878,204,4.0,5315,5187,128,2.4
20161,KS,"Riley County, KS",35297,34224,1073,3.0,35378,34388,990,2.8,35258,34271,987,2.8,33547,31962,1585,4.7,33731,32789,942,2.8
20163,KS,"Rooks County, KS",2504,2409,95,3.8,2529,2450,79,3.1,2542,2454,88,3.5,2501,2406,95,3.8,2437,2378,59,2.4
20165,KS,"Rush County, KS",1658,1605,53,3.2,1659,1615,44,2.7,1637,1592,45,2.7,1572,1502,70,4.5,1583,1545,38,2.4
20167,KS,"Russell County, KS",3520,3403,117,3.3,3381,3284,97,2.9,3317,3222,95,2.9,3307,3175,132,4.0,3361,3280,81,2.4
20169,KS,"Saline County, KS",30744,29762,982,3.2,30376,29473,903,3.0,30387,29492,895,2.9,29482,27928,1554,5.3,29373,28494,879,3.0
20171,KS,"Scott County, KS",2862,2800,62,2.2,2868,2813,55,1.9,2833,2780,53,1.9,2824,2758,66,2.3,2833,2788,45,1.6
20173,KS,"Sedgwick County, KS",246480,236093,10387,4.2,248463,239315,9148,3.7,253832,245173,8659,3.4,257484,235491,21993,8.5,255086,243391,11695,4.6
20175,KS,"Seward County, KS",9870,9526,344,3.5,9610,9307,303,3.2,9580,9289,291,3.0,9795,9396,399,4.1,9863,9588,275,2.8
20177,KS,"Shawnee County, KS",91686,88343,3343,3.6,91122,88019,3103,3.4,90849,87860,2989,3.3,91083,85929,5154,5.7,91236,88399,2837,3.1
20179,KS,"Sheridan County, KS",1378,1347,31,2.2,1427,1396,31,2.2,1418,1387,31,2.2,1465,1432,33,2.3,1465,1438,27,1.8
20181,KS,"Sherman County, KS",2906,2823,83,2.9,2907,2828,79,2.7,2874,2797,77,2.7,2870,2778,92,3.2,2856,2784,72,2.5
20183,KS,"Smith County, KS",1978,1923,55,2.8,1975,1927,48,2.4,1993,1944,49,2.5,1990,1940,50,2.5,2012,1977,35,1.7
20185,KS,"Stafford County, KS",2011,1945,66,3.3,1980,1929,51,2.6,2005,1952,53,2.6,2022,1951,71,3.5,1980,1936,44,2.2
20187,KS,"Stanton County, KS",1004,976,28,2.8,1005,980,25,2.5,995,970,25,2.5,1075,1052,23,2.1,1108,1087,21,1.9
20189,KS,"Stevens County, KS",2682,2597,85,3.2,2610,2536,74,2.8,2588,2522,66,2.6,2802,2729,73,2.6,2884,2824,60,2.1
20191,KS,"Sumner County, KS",10755,10347,408,3.8,10792,10422,370,3.4,10897,10533,364,3.3,10841,9975,866,8.0,10735,10293,442,4.1
20193,KS,"Thomas County, KS",4273,4163,110,2.6,4287,4181,106,2.5,4331,4235,96,2.2,4233,4121,112,2.6,4259,4181,78,1.8
20195,KS,"Trego County, KS",1442,1394,48,3.3,1385,1343,42,3.0,1416,1377,39,2.8,1447,1399,48,3.3,1419,1389,30,2.1
20197,KS,"Wabaunsee County, KS",3659,3543,116,3.2,3677,3564,113,3.1,3696,3579,117,3.2,3676,3529,147,4.0,3711,3620,91,2.5
20199,KS,"Wallace County, KS",854,832,22,2.6,824,804,20,2.4,820,799,21,2.6,836,820,16,1.9,887,872,15,1.7
20201,KS,"Washington County, KS",2966,2878,88,3.0,2946,2869,77,2.6,2942,2865,77,2.6,3064,2993,71,2.3,3063,3010,53,1.7
20203,KS,"Wichita County, KS",1176,1147,29,2.5,1322,1295,27,2.0,1385,1359,26,1.9,1243,1220,23,1.9,1179,1156,23,2.0
20205,KS,"Wilson County, KS",4007,3819,188,4.7,4027,3856,171,4.2,3954,3801,153,3.9,3903,3607,296,7.6,3837,3683,154,4.0
20207,KS,"Woodson County, KS",1597,1527,70,4.4,1603,1535,68,4.2,1625,1558,67,4.1,1561,1470,91,5.8,1528,1475,53,3.5
20209,KS,"Wyandotte County, KS",77746,73714,4032,5.2,77310,73640,3670,4.7,77351,74027,3324,4.3,77663,71699,5964,7.7,77532,73905,3627,4.7
21001,KY,"Adair County, KY",7169,6744,425,5.9,7192,6844,348,4.8,7144,6782,362,5.1,7019,6530,489,7.0,7267,6906,361,5.0
21003,KY,"Allen County, KY",8980,8618,362,4.0,8914,8587,327,3.7,9084,8725,359,4.0,8664,8200,464,5.4,8894,8534,360,4.0
21005,KY,"Anderson County, KY",11837,11365,472,4.0,11902,11486,416,3.5,12030,11605,425,3.5,11765,11073,692,5.9,11983,11508,475,4.0
21007,KY,"Ballard County, KY",3635,3362,273,7.5,3531,3291,240,6.8,3478,3289,189,5.4,3324,3113,211,6.3,3447,3274,173,5.0
21009,KY,"Barren County, KY",19014,18153,861,4.5,19028,18206,822,4.3,18832,18028,804,4.3,18073,16752,1321,7.3,18032,17073,959,5.3
21011,KY,"Bath County, KY",4721,4355,366,7.8,4606,4302,304,6.6,4652,4379,273,5.9,4537,4172,365,8.0,4632,4365,267,5.8
21013,KY,"Bell County, KY",8661,7989,672,7.8,8473,7956,517,6.1,8400,7891,509,6.1,8184,7567,617,7.5,8225,7756,469,5.7
21015,KY,"Boone County, KY",69892,67247,2645,3.8,70616,68301,2315,3.3,72415,70102,2313,3.2,70556,66874,3682,5.2,71482,68781,2701,3.8
21017,KY,"Bourbon County, KY",9890,9446,444,4.5,9686,9312,374,3.9,9633,9283,350,3.6,9568,9025,543,5.7,9663,9288,375,3.9
21019,KY,"Boyd County, KY",18301,17014,1287,7.0,17912,16880,1032,5.8,17823,16869,954,5.4,17463,16052,1411,8.1,17284,16208,1076,6.2
21021,KY,"Boyle County, KY",12612,11987,625,5.0,12556,12015,541,4.3,12659,12103,556,4.4,12562,11673,889,7.1,12657,12027,630,5.0
21023,KY,"Bracken County, KY",3833,3614,219,5.7,3808,3626,182,4.8,3867,3689,178,4.6,3713,3490,223,6.0,3775,3597,178,4.7
21025,KY,"Breathitt County, KY",3741,3419,322,8.6,3614,3359,255,7.1,3469,3223,246,7.1,3251,2928,323,9.9,3261,2979,282,8.6
21027,KY,"Breckinridge County, KY",8019,7548,471,5.9,7941,7524,417,5.3,7941,7539,402,5.1,7818,7268,550,7.0,8021,7601,420,5.2
21029,KY,"Bullitt County, KY",41837,40109,1728,4.1,42708,41035,1673,3.9,43282,41592,1690,3.9,42153,39551,2602,6.2,42784,40800,1984,4.6
21031,KY,"Butler County, KY",5186,4906,280,5.4,5104,4859,245,4.8,5142,4906,236,4.6,4858,4528,330,6.8,4945,4719,226,4.6
21033,KY,"Caldwell County, KY",5341,5062,279,5.2,5382,5133,249,4.6,5478,5220,258,4.7,5585,5253,332,5.9,5910,5661,249,4.2
21035,KY,"Calloway County, KY",18798,17987,811,4.3,18734,18022,712,3.8,18726,17999,727,3.9,17775,16707,1068,6.0,17608,16807,801,4.5
21037,KY,"Campbell County, KY",49884,48039,1845,3.7,50490,48871,1619,3.2,51272,49586,1686,3.3,49546,46891,2655,5.4,50276,48242,2034,4.0
21039,KY,"Carlisle County, KY",2385,2223,162,6.8,2255,2146,109,4.8,2239,2150,89,4.0,2162,2065,97,4.5,2244,2158,86,3.8
21041,KY,"Carroll County, KY",5004,4777,227,4.5,5247,5038,209,4.0,5334,5135,199,3.7,5293,4991,302,5.7,5391,5169,222,4.1
21043,KY,"Carter County, KY",9912,8955,957,9.7,9820,8937,883,9.0,9724,8957,767,7.9,9522,8635,887,9.3,9695,8940,755,7.8
21045,KY,"Casey County, KY",6684,6368,316,4.7,6711,6405,306,4.6,6737,6468,269,4.0,6655,6255,400,6.0,6766,6486,280,4.1
21047,KY,"Christian County, KY",24471,22999,1472,6.0,24529,23248,1281,5.2,24489,23180,1309,5.3,24460,22573,1887,7.7,24795,23351,1444,5.8
21049,KY,"Clark County, KY",17285,16500,785,4.5,17132,16445,687,4.0,17277,16636,641,3.7,16960,15887,1073,6.3,17054,16304,750,4.4
21051,KY,"Clay County, KY",5357,4894,463,8.6,5209,4853,356,6.8,5170,4827,343,6.6,5168,4742,426,8.2,5187,4835,352,6.8
21053,KY,"Clinton County, KY",3861,3613,248,6.4,3865,3660,205,5.3,3987,3780,207,5.2,3952,3757,195,4.9,3960,3784,176,4.4
21055,KY,"Crittenden County, KY",3983,3768,215,5.4,3862,3668,194,5.0,3776,3601,175,4.6,3673,3476,197,5.4,3809,3644,165,4.3
21057,KY,"Cumberland County, KY",2940,2787,153,5.2,3118,2983,135,4.3,3223,3096,127,3.9,3255,3101,154,4.7,3307,3191,116,3.5
21059,KY,"Daviess County, KY",47947,45896,2051,4.3,47440,45598,1842,3.9,47218,45476,1742,3.7,45857,43163,2694,5.9,46297,44290,2007,4.3
21061,KY,"Edmonson County, KY",4861,4575,286,5.9,4809,4559,250,5.2,4760,4534,226,4.7,4589,4247,342,7.5,4655,4418,237,5.1
21063,KY,"Elliott County, KY",2115,1894,221,10.4,2047,1861,186,9.1,2026,1868,158,7.8,1950,1761,189,9.7,1892,1734,158,8.4
21065,KY,"Estill County, KY",5348,5035,313,5.9,5315,5033,282,5.3,5372,5119,253,4.7,5137,4761,376,7.3,5137,4871,266,5.2
21067,KY,"Fayette County, KY",175398,169153,6245,3.6,174189,168551,5638,3.2,175752,170248,5504,3.1,171813,162258,9555,5.6,173189,166393,6796,3.9
21069,KY,"Fleming County, KY",6063,5701,362,6.0,6076,5753,323,5.3,6222,5902,320,5.1,6108,5675,433,7.1,6049,5750,299,4.9
21071,KY,"Floyd County, KY",11272,10349,923,8.2,10907,10213,694,6.4,11087,10417,670,6.0,10643,9707,936,8.8,10797,10033,764,7.1
21073,KY,"Franklin County, KY",24783,23786,997,4.0,24974,24072,902,3.6,25198,24306,892,3.5,24731,23168,1563,6.3,25190,24081,1109,4.4
21075,KY,"Fulton County, KY",2065,1919,146,7.1,2030,1918,112,5.5,2035,1925,110,5.4,1985,1857,128,6.4,2075,1965,110,5.3
21077,KY,"Gallatin County, KY",4039,3859,180,4.5,4066,3905,161,4.0,4122,3966,156,3.8,3948,3718,230,5.8,4000,3828,172,4.3
21079,KY,"Garrard County, KY",7659,7293,366,4.8,7659,7327,332,4.3,7720,7381,339,4.4,7516,7058,458,6.1,7629,7289,340,4.5
21081,KY,"Grant County, KY",11608,11052,556,4.8,11694,11205,489,4.2,11755,11295,460,3.9,11589,10796,793,6.8,11637,11113,524,4.5
21083,KY,"Graves County, KY",15682,14762,920,5.9,15456,14703,753,4.9,15816,15130,686,4.3,15560,14669,891,5.7,15892,15186,706,4.4
21085,KY,"Grayson County, KY",10893,10242,651,6.0,10952,10429,523,4.8,10998,10473,525,4.8,10641,9840,801,7.5,10512,9923,589,5.6
21087,KY,"Green County, KY",5150,4916,234,4.5,5077,4868,209,4.1,5132,4921,211,4.1,5146,4878,268,5.2,5177,4984,193,3.7
21089,KY,"Greenup County, KY",13593,12567,1026,7.5,13422,12560,862,6.4,13475,12638,837,6.2,13145,12010,1135,8.6,13020,12130,890,6.8
21091,KY,"Hancock County, KY",4106,3902,204,5.0,3993,3828,165,4.1,3934,3789,145,3.7,3812,3587,225,5.9,3848,3680,168,4.4
21093,KY,"Hardin County, KY",48753,46563,2190,4.5,48901,46956,1945,4.0,49238,47315,1923,3.9,47658,44370,3288,6.9,47078,44845,2233,4.7
21095,KY,"Harlan County, KY",6474,5841,633,9.8,6536,6069,467,7.1,6727,6124,603,9.0,6506,5764,742,11.4,6466,5908,558,8.6
21097,KY,"Harrison County, KY",8687,8294,393,4.5,8644,8297,347,4.0,8840,8481,359,4.1,8672,8156,516,6.0,8766,8426,340,3.9
21099,KY,"Hart County, KY",8102,7749,353,4.4,8044,7731,313,3.9,7937,7578,359,4.5,7638,7157,481,6.3,7645,7307,338,4.4
21101,KY,"Henderson County, KY",21976,20996,980,4.5,21983,21164,819,3.7,21672,20875,797,3.7,20663,19427,1236,6.0,20775,19843,932,4.5
21103,KY,"Henry County, KY",8135,7808,327,4.0,8219,7914,305,3.7,8267,7980,287,3.5,8023,7574,449,5.6,8151,7825,326,4.0
21105,KY,"Hickman County, KY",1819,1685,134,7.4,1792,1693,99,5.5,1765,1684,81,4.6,1718,1630,88,5.1,1719,1642,77,4.5
21107,KY,"Hopkins County, KY",19477,18525,952,4.9,18381,17559,822,4.5,18453,17656,797,4.3,18021,16728,1293,7.2,18031,17106,925,5.1
21109,KY,"Jackson County, KY",4101,3760,341,8.3,4087,3808,279,6.8,4125,3875,250,6.1,4038,3701,337,8.3,4097,3840,257,6.3
21111,KY,"Jefferson County, KY",396592,379470,17122,4.3,399913,384200,15713,3.9,399654,384392,15262,3.8,389470,363625,25845,6.6,394151,375210,18941,4.8
21113,KY,"Jessamine County, KY",26433,25450,983,3.7,26443,25507,936,3.5,26794,25870,924,3.4,25934,24522,1412,5.4,26219,25165,1054,4.0
21115,KY,"Johnson County, KY",6916,6331,585,8.5,6755,6307,448,6.6,6750,6328,422,6.3,6584,6036,548,8.3,6659,6170,489,7.3
21117,KY,"Kenton County, KY",86621,83259,3362,3.9,87318,84399,2919,3.3,88746,85773,2973,3.4,85978,81166,4812,5.6,87115,83479,3636,4.2
21119,KY,"Knott County, KY",4502,4126,376,8.4,4402,4109,293,6.7,4481,4191,290,6.5,4287,3934,353,8.2,4275,3966,309,7.2
21121,KY,"Knox County, KY",10061,9310,751,7.5,9993,9380,613,6.1,9947,9386,561,5.6,9874,9089,785,8.0,10049,9427,622,6.2
21123,KY,"Larue County, KY",6019,5741,278,4.6,5972,5713,259,4.3,6006,5750,256,4.3,5841,5432,409,7.0,5803,5517,286,4.9
21125,KY,"Laurel County, KY",24664,23243,1421,5.8,24793,23558,1235,5.0,24896,23750,1146,4.6,24918,23247,1671,6.7,25250,24111,1139,4.5
21127,KY,"Lawrence County, KY",5003,4557,446,8.9,5060,4703,357,7.1,5192,4848,344,6.6,5206,4788,418,8.0,5340,4998,342,6.4
21129,KY,"Lee County, KY",1896,1738,158,8.3,2082,1952,130,6.2,2104,1990,114,5.4,2042,1905,137,6.7,2009,1896,113,5.6
21131,KY,"Leslie County, KY",2734,2463,271,9.9,2618,2437,181,6.9,2676,2468,208,7.8,2578,2307,271,10.5,2534,2328,206,8.1
21133,KY,"Letcher County, KY",6293,5714,579,9.2,6244,5854,390,6.2,6284,5845,439,7.0,6062,5468,594,9.8,6038,5579,459,7.6
21135,KY,"Lewis County, KY",4702,4275,427,9.1,4696,4314,382,8.1,4658,4267,391,8.4,4653,4225,428,9.2,4703,4344,359,7.6
21137,KY,"Lincoln County, KY",9376,8855,521,5.6,9340,8882,458,4.9,9377,8932,445,4.7,9211,8502,709,7.7,9278,8759,519,5.6
21139,KY,"Livingston County, KY",3756,3478,278,7.4,3663,3421,242,6.6,3643,3445,198,5.4,3499,3242,257,7.3,3632,3409,223,6.1
21141,KY,"Logan County, KY",12164,11641,523,4.3,12413,11946,467,3.8,12596,12114,482,3.8,12103,11454,649,5.4,12296,11829,467,3.8
21143,KY,"Lyon County, KY",2993,2822,171,5.7,3049,2899,150,4.9,3121,2980,141,4.5,3054,2897,157,5.1,3113,2974,139,4.5
21145,KY,"McCracken County, KY",29670,27903,1767,6.0,29158,27569,1589,5.4,29256,27885,1371,4.7,28743,26768,1975,6.9,29655,28160,1495,5.0
21147,KY,"McCreary County, KY",4691,4374,317,6.8,4627,4344,283,6.1,4720,4453,267,5.7,4822,4485,337,7.0,4886,4606,280,5.7
21149,KY,"McLean County, KY",4302,4076,226,5.3,4230,4025,205,4.8,4168,3991,177,4.2,3965,3746,219,5.5,4021,3849,172,4.3
21151,KY,"Madison County, KY",46177,44242,1935,4.2,46866,45113,1753,3.7,47657,45919,1738,3.6,45840,43156,2684,5.9,46664,44742,1922,4.1
21153,KY,"Magoffin County, KY",2986,2509,477,16.0,2922,2556,366,12.5,3116,2792,324,10.4,3179,2685,494,15.5,3242,2836,406,12.5
21155,KY,"Marion County, KY",9464,9078,386,4.1,9632,9281,351,3.6,9734,9380,354,3.6,9215,8515,700,7.6,9285,8880,405,4.4
21157,KY,"Marshall County, KY",15036,14159,877,5.8,14945,14173,772,5.2,15117,14448,669,4.4,14798,13915,883,6.0,14446,13774,672,4.7
21159,KY,"Martin County, KY",3075,2844,231,7.5,2793,2620,173,6.2,2677,2498,179,6.7,2474,2196,278,11.2,2350,2132,218,9.3
21161,KY,"Mason County, KY",7222,6782,440,6.1,7174,6788,386,5.4,7116,6730,386,5.4,6853,6324,529,7.7,6796,6421,375,5.5
21163,KY,"Meade County, KY",12236,11617,619,5.1,12241,11685,556,4.5,12202,11662,540,4.4,11749,10939,810,6.9,11679,11061,618,5.3
21165,KY,"Menifee County, KY",2367,2164,203,8.6,2315,2143,172,7.4,2329,2175,154,6.6,2250,2056,194,8.6,2309,2150,159,6.9
21167,KY,"Mercer County, KY",9979,9498,481,4.8,9895,9470,425,4.3,10071,9629,442,4.4,9863,9168,695,7.0,9932,9480,452,4.6
21169,KY,"Metcalfe County, KY",4182,4014,168,4.0,4114,3946,168,4.1,4112,3925,187,4.5,3982,3680,302,7.6,3980,3764,216,5.4
21171,KY,"Monroe County, KY",4729,4547,182,3.8,4695,4504,191,4.1,4671,4497,174,3.7,4558,4321,237,5.2,4637,4452,185,4.0
21173,KY,"Montgomery County, KY",11731,10970,761,6.5,11659,10983,676,5.8,11643,11053,590,5.1,11324,10450,874,7.7,11543,10928,615,5.3
21175,KY,"Morgan County, KY",4508,4181,327,7.3,4470,4193,277,6.2,4582,4349,233,5.1,4395,4106,289,6.6,4326,4077,249,5.8
21177,KY,"Muhlenberg County, KY",11245,10480,765,6.8,10536,9847,689,6.5,10504,9893,611,5.8,9913,9080,833,8.4,9822,9171,651,6.6
21179,KY,"Nelson County, KY",22285,21322,963,4.3,22692,21740,952,4.2,23252,22249,1003,4.3,22696,21163,1533,6.8,23223,22213,1010,4.3
21181,KY,"Nicholas County, KY",3315,3133,182,5.5,3281,3134,147,4.5,3315,3176,139,4.2,3271,3051,220,6.7,3314,3171,143,4.3
21183,KY,"Ohio County, KY",9788,9179,609,6.2,9860,9313,547,5.5,9758,9285,473,4.8,9273,8626,647,7.0,9010,8512,498,5.5
21185,KY,"Oldham County, KY",32937,31805,1132,3.4,33276,32214,1062,3.2,33597,32557,1040,3.1,32443,30919,1524,4.7,33100,31915,1185,3.6
21187,KY,"Owen County, KY",5453,5217,236,4.3,5204,4954,250,4.8,5142,4919,223,4.3,5085,4770,315,6.2,5092,4875,217,4.3
21189,KY,"Owsley County, KY",1100,1010,90,8.2,1136,1055,81,7.1,1091,1016,75,6.9,1078,978,100,9.3,1054,980,74,7.0
21191,KY,"Pendleton County, KY",6987,6664,323,4.6,6982,6701,281,4.0,7043,6790,253,3.6,6759,6417,342,5.1,6897,6612,285,4.1
21193,KY,"Perry County, KY",8401,7717,684,8.1,8153,7654,499,6.1,8338,7864,474,5.7,8132,7432,700,8.6,7994,7491,503,6.3
21195,KY,"Pike County, KY",20353,18804,1549,7.6,19966,18825,1141,5.7,20053,18967,1086,5.4,19098,17552,1546,8.1,19105,17891,1214,6.4
21197,KY,"Powell County, KY",5027,4699,328,6.5,5012,4722,290,5.8,5043,4788,255,5.1,5045,4684,361,7.2,5135,4888,247,4.8
21199,KY,"Pulaski County, KY",25393,23990,1403,5.5,25995,24724,1271,4.9,26677,25487,1190,4.5,25723,23893,1830,7.1,25971,24692,1279,4.9
21201,KY,"Robertson County, KY",818,768,50,6.1,801,763,38,4.7,812,770,42,5.2,787,741,46,5.8,801,767,34,4.2
21203,KY,"Rockcastle County, KY",6625,6247,378,5.7,6631,6309,322,4.9,6662,6358,304,4.6,6371,5918,453,7.1,6457,6137,320,5.0
21205,KY,"Rowan County, KY",10656,10050,606,5.7,10519,9989,530,5.0,10406,9885,521,5.0,9966,9246,720,7.2,9943,9417,526,5.3
21207,KY,"Russell County, KY",6257,5819,438,7.0,6273,5919,354,5.6,6264,5925,339,5.4,6068,5582,486,8.0,6118,5785,333,5.4
21209,KY,"Scott County, KY",28725,27691,1034,3.6,28937,28003,934,3.2,29819,28840,979,3.3,29874,28069,1805,6.0,29876,28785,1091,3.7
21211,KY,"Shelby County, KY",24715,23841,874,3.5,25466,24612,854,3.4,25869,25036,833,3.2,25410,24072,1338,5.3,25837,24857,980,3.8
21213,KY,"Simpson County, KY",8732,8343,389,4.5,8849,8511,338,3.8,8919,8537,382,4.3,8516,7917,599,7.0,8850,8479,371,4.2
21215,KY,"Spencer County, KY",9953,9578,375,3.8,10207,9849,358,3.5,10542,10193,349,3.3,10342,9766,576,5.6,10529,10082,447,4.2
21217,KY,"Taylor County, KY",12875,12323,552,4.3,12541,12028,513,4.1,12821,12308,513,4.0,12971,12220,751,5.8,12363,11879,484,3.9
21219,KY,"Todd County, KY",5328,5108,220,4.1,5296,5090,206,3.9,5435,5231,204,3.8,5392,5141,251,4.7,5521,5320,201,3.6
21221,KY,"Trigg County, KY",5945,5613,332,5.6,5904,5626,278,4.7,5989,5720,269,4.5,5965,5562,403,6.8,6062,5755,307,5.1
21223,KY,"Trimble County, KY",3883,3694,189,4.9,3866,3706,160,4.1,3874,3713,161,4.2,3782,3533,249,6.6,3834,3649,185,4.8
21225,KY,"Union County, KY",6105,5745,360,5.9,6006,5716,290,4.8,6090,5830,260,4.3,5924,5558,366,6.2,6021,5759,262,4.4
21227,KY,"Warren County, KY",64035,61488,2547,4.0,64546,62227,2319,3.6,65754,63314,2440,3.7,63444,59408,4036,6.4,64517,61768,2749,4.3
21229,KY,"Washington County, KY",6180,5927,253,4.1,6136,5917,219,3.6,6252,6020,232,3.7,6081,5710,371,6.1,6177,5937,240,3.9
21231,KY,"Wayne County, KY",7407,6842,565,7.6,7571,7058,513,6.8,7451,7044,407,5.5,7344,6883,461,6.3,7410,7035,375,5.1
21233,KY,"Webster County, KY",5809,5512,297,5.1,5774,5537,237,4.1,5751,5532,219,3.8,5410,5073,337,6.2,5344,5103,241,4.5
21235,KY,"Whitley County, KY",13763,12984,779,5.7,13731,13058,673,4.9,13828,13156,672,4.9,13791,12841,950,6.9,14007,13309,698,5.0
21237,KY,"Wolfe County, KY",1926,1753,173,9.0,1897,1756,141,7.4,1965,1833,132,6.7,2079,1925,154,7.4,2222,2092,130,5.9
21239,KY,"Woodford County, KY",14972,14494,478,3.2,14753,14308,445,3.0,15080,14633,447,3.0,14851,14132,719,4.8,15053,14543,510,3.4
22001,LA,"Acadia Parish, LA",24068,22647,1421,5.9,23987,22713,1274,5.3,23980,22748,1232,5.1,23311,21493,1818,7.8,23518,22355,1163,4.9
22003,LA,"Allen Parish, LA",8988,8515,473,5.3,8794,8301,493,5.6,8837,8357,480,5.4,8392,7574,818,9.7,8137,7687,450,5.5
22005,LA,"Ascension Parish, LA",62884,60202,2682,4.3,64446,61833,2613,4.1,65203,62617,2586,4.0,64283,59710,4573,7.1,64756,62050,2706,4.2
22007,LA,"Assumption Parish, LA",8954,8297,657,7.3,8992,8401,591,6.6,8921,8402,519,5.8,8772,7834,938,10.7,8713,8088,625,7.2
22009,LA,"Avoyelles Parish, LA",15638,14681,957,6.1,15359,14496,863,5.6,15228,14376,852,5.6,14925,13656,1269,8.5,14753,13982,771,5.2
22011,LA,"Beauregard Parish, LA",14691,13906,785,5.3,14629,13860,769,5.3,14686,13948,738,5.0,14387,13355,1032,7.2,14628,14030,598,4.1
22013,LA,"Bienville Parish, LA",5641,5304,337,6.0,5658,5332,326,5.8,5532,5218,314,5.7,5374,4933,441,8.2,5244,4945,299,5.7
22015,LA,"Bossier Parish, LA",57713,55141,2572,4.5,58178,55729,2449,4.2,58180,55768,2412,4.1,56751,52939,3812,6.7,57066,54867,2199,3.9
22017,LA,"Caddo Parish, LA",105028,98953,6075,5.8,104596,98917,5679,5.4,103335,97997,5338,5.2,101444,91806,9638,9.5,101475,95172,6303,6.2
22019,LA,"Calcasieu Parish, LA",108614,104315,4299,4.0,110186,106015,4171,3.8,106918,102706,4212,3.9,97332,88018,9314,9.6,95934,90541,5393,5.6
22021,LA,"Caldwell Parish, LA",3864,3644,220,5.7,3846,3627,219,5.7,3790,3567,223,5.9,3649,3361,288,7.9,3670,3500,170,4.6
22023,LA,"Cameron Parish, LA",4011,3867,144,3.6,4089,3946,143,3.5,3961,3819,142,3.6,3504,3288,216,6.2,3503,3381,122,3.5
22025,LA,"Catahoula Parish, LA",3439,3197,242,7.0,3370,3145,225,6.7,3400,3190,210,6.2,3447,3185,262,7.6,3483,3304,179,5.1
22027,LA,"Claiborne Parish, LA",5867,5554,313,5.3,5828,5529,299,5.1,5845,5530,315,5.4,5458,5069,389,7.1,5456,5190,266,4.9
22029,LA,"Concordia Parish, LA",7165,6603,562,7.8,7024,6541,483,6.9,7011,6575,436,6.2,6894,6289,605,8.8,6906,6500,406,5.9
22031,LA,"De Soto Parish, LA",10800,10146,654,6.1,10931,10313,618,5.7,10973,10341,632,5.8,10688,9864,824,7.7,10738,10218,520,4.8
22033,LA,"East Baton Rouge Parish, LA",232155,221966,10189,4.4,232097,222184,9913,4.3,230956,221116,9840,4.3,225973,207325,18648,8.3,227407,215464,11943,5.3
22035,LA,"East Carroll Parish, LA",2059,1830,229,11.1,1959,1760,199,10.2,1895,1702,193,10.2,1813,1583,230,12.7,1745,1573,172,9.9
22037,LA,"East Feliciana Parish, LA",7992,7609,383,4.8,8037,7668,369,4.6,7937,7582,355,4.5,7566,7024,542,7.2,7654,7306,348,4.5
22039,LA,"Evangeline Parish, LA",12561,11819,742,5.9,12134,11447,687,5.7,11953,11274,679,5.7,11940,10953,987,8.3,11985,11333,652,5.4
22041,LA,"Franklin Parish, LA",7318,6772,546,7.5,7295,6778,517,7.1,7398,6884,514,6.9,7317,6678,639,8.7,7420,6989,431,5.8
22043,LA,"Grant Parish, LA",8198,7682,516,6.3,8234,7762,472,5.7,8222,7762,460,5.6,8118,7547,571,7.0,8207,7877,330,4.0
22045,LA,"Iberia Parish, LA",28987,26871,2116,7.3,28374,26728,1646,5.8,27883,26421,1462,5.2,27493,24724,2769,10.1,27669,25757,1912,6.9
22047,LA,"Iberville Parish, LA",14179,13306,873,6.2,14190,13322,868,6.1,14001,13197,804,5.7,13642,12212,1430,10.5,13659,12679,980,7.2
22049,LA,"Jackson Parish, LA",6995,6679,316,4.5,6900,6585,315,4.6,6840,6527,313,4.6,6720,6333,387,5.8,6745,6492,253,3.8
22051,LA,"Jefferson Parish, LA",215341,205590,9751,4.5,214103,204826,9277,4.3,214566,205922,8644,4.0,209463,189241,20222,9.7,208446,196000,12446,6.0
22053,LA,"Jefferson Davis Parish, LA",13643,12979,664,4.9,13551,12916,635,4.7,13343,12739,604,4.5,12728,11702,1026,8.1,12658,12057,601,4.7
22055,LA,"Lafayette Parish, LA",113287,107757,5530,4.9,114366,109324,5042,4.4,115299,110504,4795,4.2,114141,105578,8563,7.5,115123,109956,5167,4.5
22057,LA,"Lafourche Parish, LA",41994,39813,2181,5.2,42236,40273,1963,4.6,42151,40323,1828,4.3,41152,38299,2853,6.9,40657,38805,1852,4.6
22059,LA,"LaSalle Parish, LA",6152,5864,288,4.7,6374,6100,274,4.3,6752,6474,278,4.1,6827,6475,352,5.2,6677,6458,219,3.3
22061,LA,"Lincoln Parish, LA",21597,20480,1117,5.2,22063,20935,1128,5.1,22017,20876,1141,5.2,20987,19584,1403,6.7,21118,20215,903,4.3
22063,LA,"Livingston Parish, LA",67824,64965,2859,4.2,69211,66455,2756,4.0,69607,66865,2742,3.9,68727,64067,4660,6.8,69221,66611,2610,3.8
22065,LA,"Madison Parish, LA",3785,3479,306,8.1,3621,3324,297,8.2,3545,3272,273,7.7,3532,3211,321,9.1,3478,3244,234,6.7
22067,LA,"Morehouse Parish, LA",10377,9550,827,8.0,10192,9367,825,8.1,10001,9201,800,8.0,10017,8971,1046,10.4,9942,9214,728,7.3
22069,LA,"Natchitoches Parish, LA",16368,15390,978,6.0,16480,15530,950,5.8,16413,15456,957,5.8,16083,14903,1180,7.3,16341,15575,766,4.7
22071,LA,"Orleans Parish, LA",178923,169724,9199,5.1,179026,170148,8878,5.0,179756,171311,8445,4.7,179774,157276,22498,12.5,177776,162980,14796,8.3
22073,LA,"Ouachita Parish, LA",70733,67017,3716,5.3,71103,67486,3617,5.1,70446,66849,3597,5.1,69374,63914,5460,7.9,69404,65924,3480,5.0
22075,LA,"Plaquemines Parish, LA",10027,9560,467,4.7,10088,9626,462,4.6,10041,9621,420,4.2,9528,8817,711,7.5,9539,9126,413,4.3
22077,LA,"Pointe Coupee Parish, LA",10014,9455,559,5.6,9943,9415,528,5.3,9812,9304,508,5.2,9446,8653,793,8.4,9544,8997,547,5.7
22079,LA,"Rapides Parish, LA",56169,53019,3150,5.6,55629,52729,2900,5.2,55257,52558,2699,4.9,54677,51015,3662,6.7,55425,53197,2228,4.0
22081,LA,"Red River Parish, LA",3865,3664,201,5.2,4062,3883,179,4.4,3762,3577,185,4.9,3584,3345,239,6.7,3668,3509,159,4.3
22083,LA,"Richland Parish, LA",8328,7818,510,6.1,8340,7827,513,6.2,8258,7761,497,6.0,8098,7436,662,8.2,8117,7695,422,5.2
22085,LA,"Sabine Parish, LA",8841,8355,486,5.5,9062,8599,463,5.1,9259,8806,453,4.9,9201,8652,549,6.0,9271,8929,342,3.7
22087,LA,"St. Bernard Parish, LA",19546,18523,1023,5.2,19869,18887,982,4.9,20223,19273,950,4.7,19995,17889,2106,10.5,19908,18549,1359,6.8
22089,LA,"St. Charles Parish, LA",24942,23820,1122,4.5,25141,24056,1085,4.3,25428,24373,1055,4.1,24358,22356,2002,8.2,24370,23150,1220,5.0
22091,LA,"St. Helena Parish, LA",4323,4036,287,6.6,4326,4046,280,6.5,4235,3984,251,5.9,4239,3720,519,12.2,4257,3867,390,9.2
22093,LA,"St. James Parish, LA",9395,8771,624,6.6,9249,8680,569,6.2,9316,8780,536,5.8,8842,7924,918,10.4,8845,8193,652,7.4
22095,LA,"St. John the Baptist Parish, LA",19745,18533,1212,6.1,19657,18552,1105,5.6,19627,18566,1061,5.4,19184,16930,2254,11.7,19155,17521,1634,8.5
22097,LA,"St. Landry Parish, LA",32111,29970,2141,6.7,32035,30060,1975,6.2,32058,30121,1937,6.0,32177,29202,2975,9.2,32024,30008,2016,6.3
22099,LA,"St. Martin Parish, LA",22572,21202,1370,6.1,22351,21192,1159,5.2,22291,21193,1098,4.9,21773,19886,1887,8.7,21901,20668,1233,5.6
22101,LA,"St. Mary Parish, LA",20396,18793,1603,7.9,20129,18829,1300,6.5,19854,18728,1126,5.7,19379,17494,1885,9.7,19192,17897,1295,6.7
22103,LA,"St. Tammany Parish, LA",117603,112576,5027,4.3,119274,114348,4926,4.1,121285,116422,4863,4.0,116652,108347,8305,7.1,116814,112322,4492,3.8
22105,LA,"Tangipahoa Parish, LA",54897,51769,3128,5.7,54700,51725,2975,5.4,54958,52036,2922,5.3,56126,50450,5676,10.1,56131,52524,3607,6.4
22107,LA,"Tensas Parish, LA",1554,1423,131,8.4,1449,1339,110,7.6,1397,1284,113,8.1,1342,1221,121,9.0,1318,1240,78,5.9
22109,LA,"Terrebonne Parish, LA",46818,44157,2661,5.7,46613,44313,2300,4.9,46437,44363,2074,4.5,45659,41907,3752,8.2,45015,42418,2597,5.8
22111,LA,"Union Parish, LA",9215,8703,512,5.6,9229,8716,513,5.6,9129,8616,513,5.6,8988,8300,688,7.7,8993,8557,436,4.8
22113,LA,"Vermilion Parish, LA",24261,22808,1453,6.0,24271,22997,1274,5.2,24150,22976,1174,4.9,23581,21719,1862,7.9,23846,22645,1201,5.0
22115,LA,"Vernon Parish, LA",16396,15329,1067,6.5,15977,14952,1025,6.4,15867,14947,920,5.8,15791,14576,1215,7.7,16011,15282,729,4.6
22117,LA,"Washington Parish, LA",16953,15975,978,5.8,16879,15918,961,5.7,16843,15888,955,5.7,16612,15165,1447,8.7,16870,15882,988,5.9
22119,LA,"Webster Parish, LA",14784,13771,1013,6.9,14641,13758,883,6.0,14471,13620,851,5.9,13948,12771,1177,8.4,14001,13235,766,5.5
22121,LA,"West Baton Rouge Parish, LA",13508,12889,619,4.6,13737,13138,599,4.4,13720,13120,600,4.4,13489,12461,1028,7.6,13611,12949,662,4.9
22123,LA,"West Carroll Parish, LA",4005,3613,392,9.8,4013,3657,356,8.9,3645,3271,374,10.3,3656,3262,394,10.8,3508,3286,222,6.3
22125,LA,"West Feliciana Parish, LA",5336,5114,222,4.2,5410,5200,210,3.9,5438,5223,215,4.0,5169,4869,300,5.8,5253,5060,193,3.7
22127,LA,"Winn Parish, LA",5060,4734,326,6.4,4968,4664,304,6.1,4878,4582,296,6.1,4685,4327,358,7.6,4602,4381,221,4.8
23001,ME,"Androscoggin County, ME",56004,54211,1793,3.2,55837,54140,1697,3.0,55782,54273,1509,2.7,54287,51543,2744,5.1,54219,51576,2643,4.9
23003,ME,"Aroostook County, ME",31779,30220,1559,4.9,31176,29795,1381,4.4,30556,29277,1279,4.2,29199,27715,1484,5.1,29056,27408,1648,5.7
23005,ME,"Cumberland County, ME",165899,161555,4344,2.6,166432,162313,4119,2.5,166841,163213,3628,2.2,160751,152878,7873,4.9,162433,155942,6491,4.0
23007,ME,"Franklin County, ME",14563,13960,603,4.1,14535,13997,538,3.7,14535,14029,506,3.5,13726,12953,773,5.6,13839,13109,730,5.3
23009,ME,"Hancock County, ME",29553,28403,1150,3.9,29678,28646,1032,3.5,29455,28517,938,3.2,27710,26239,1471,5.3,28376,26953,1423,5.0
23011,ME,"Kennebec County, ME",63224,61129,2095,3.3,62851,60969,1882,3.0,62758,61082,1676,2.7,61354,58547,2807,4.6,61360,58722,2638,4.3
23013,ME,"Knox County, ME",20893,20221,672,3.2,20794,20183,611,2.9,20576,20033,543,2.6,19562,18584,978,5.0,19881,19008,873,4.4
23015,ME,"Lincoln County, ME",17188,16620,568,3.3,17113,16587,526,3.1,17104,16648,456,2.7,16386,15584,802,4.9,16707,15967,740,4.4
23017,ME,"Oxford County, ME",27052,26006,1046,3.9,26897,25912,985,3.7,26783,25908,875,3.3,25776,24197,1579,6.1,26298,24828,1470,5.6
23019,ME,"Penobscot County, ME",77582,74621,2961,3.8,77413,74730,2683,3.5,77440,75115,2325,3.0,74210,70505,3705,5.0,74855,71312,3543,4.7
23021,ME,"Piscataquis County, ME",7561,7252,309,4.1,7516,7229,287,3.8,7350,7098,252,3.4,7157,6798,359,5.0,7440,7067,373,5.0
23023,ME,"Sagadahoc County, ME",19554,19016,538,2.8,19694,19203,491,2.5,19742,19329,413,2.1,19246,18403,843,4.4,19159,18448,711,3.7
23025,ME,"Somerset County, ME",23260,22107,1153,5.0,22962,21942,1020,4.4,22657,21738,919,4.1,22010,20662,1348,6.1,22318,20920,1398,6.3
23027,ME,"Waldo County, ME",21333,20550,783,3.7,21347,20654,693,3.2,20898,20291,607,2.9,19981,19035,946,4.7,20249,19298,951,4.7
23029,ME,"Washington County, ME",14163,13450,713,5.0,13988,13351,637,4.6,13810,13228,582,4.2,13340,12574,766,5.7,13452,12583,869,6.5
23031,ME,"York County, ME",114265,110844,3421,3.0,114906,111685,3221,2.8,115342,112492,2850,2.5,110537,105050,5487,5.0,112246,107197,5049,4.5
24001,MD,"Allegany County, MD",32643,30836,1807,5.5,32539,30875,1664,5.1,32809,31166,1643,5.0,31382,28925,2457,7.8,30504,28538,1966,6.4
24003,MD,"Anne Arundel County, MD",313685,302969,10716,3.4,317971,308136,9835,3.1,326680,317125,9555,2.9,317403,299113,18290,5.8,312621,297777,14844,4.7
24005,MD,"Baltimore County, MD",456532,437550,18982,4.2,457801,440676,17125,3.7,467047,450509,16538,3.5,452245,421646,30599,6.8,444930,419727,25203,5.7
24009,MD,"Calvert County, MD",50035,48289,1746,3.5,50475,48817,1658,3.3,51633,50071,1562,3.0,49699,47128,2571,5.2,48774,46537,2237,4.6
24011,MD,"Caroline County, MD",18215,17466,749,4.1,18496,17843,653,3.5,18678,18036,642,3.4,17701,16714,987,5.6,17435,16609,826,4.7
24013,MD,"Carroll County, MD",95492,92385,3107,3.3,96786,93880,2906,3.0,98624,95871,2753,2.8,95028,90205,4823,5.1,93816,89896,3920,4.2
24015,MD,"Cecil County, MD",53566,51100,2466,4.6,53608,51411,2197,4.1,54821,52739,2082,3.8,53323,50171,3152,5.9,52338,49595,2743,5.2
24017,MD,"Charles County, MD",86802,83476,3326,3.8,87915,84773,3142,3.6,90564,87407,3157,3.5,88174,82357,5817,6.6,86208,81268,4940,5.7
24019,MD,"Dorchester County, MD",15844,14974,870,5.5,15762,15004,758,4.8,16429,15700,729,4.4,16553,15467,1086,6.6,16235,15321,914,5.6
24021,MD,"Frederick County, MD",132632,127973,4659,3.5,135693,131303,4390,3.2,140321,136073,4248,3.0,137540,129513,8027,5.8,134802,128334,6468,4.8
24023,MD,"Garrett County, MD",15699,14916,783,5.0,15777,15081,696,4.4,16258,15574,684,4.2,15623,14574,1049,6.7,15365,14561,804,5.2
24025,MD,"Harford County, MD",140156,134920,5236,3.7,142173,137414,4759,3.3,146064,141410,4654,3.2,141380,133250,8130,5.8,139296,132625,6671,4.8
24027,MD,"Howard County, MD",186139,180542,5597,3.0,189214,183944,5270,2.8,194875,189759,5116,2.6,188920,179273,9647,5.1,186574,178469,8105,4.3
24029,MD,"Kent County, MD",10364,9922,442,4.3,10477,10057,420,4.0,10448,10049,399,3.8,9836,9186,650,6.6,9609,9085,524,5.5
24031,MD,"Montgomery County, MD",561370,543489,17881,3.2,564403,547810,16593,2.9,575351,559116,16235,2.8,556465,521828,34637,6.2,547389,517358,30031,5.5
24033,MD,"Prince George's County, MD",513992,493342,20650,4.0,513343,493920,19423,3.8,522677,503782,18895,3.6,512497,471489,41008,8.0,502972,465458,37514,7.5
24035,MD,"Queen Anne's County, MD",27734,26759,975,3.5,28244,27369,875,3.1,28777,27923,854,3.0,28107,26578,1529,5.4,27745,26534,1211,4.4
24037,MD,"St. Mary's County, MD",55828,53692,2136,3.8,56588,54592,1996,3.5,58278,56404,1874,3.2,58492,55673,2819,4.8,57574,54995,2579,4.5
24039,MD,"Somerset County, MD",9399,8778,621,6.6,9337,8729,608,6.5,9292,8738,554,6.0,8726,7989,737,8.4,8824,8154,670,7.6
24041,MD,"Talbot County, MD",19968,19208,760,3.8,19982,19292,690,3.5,19608,18959,649,3.3,17987,16896,1091,6.1,17647,16718,929,5.3
24043,MD,"Washington County, MD",76255,72847,3408,4.5,75763,72678,3085,4.1,76153,73303,2850,3.7,73020,68031,4989,6.8,72458,68574,3884,5.4
24045,MD,"Wicomico County, MD",51490,48660,2830,5.5,51587,49045,2542,4.9,52253,49896,2357,4.5,49852,46087,3765,7.6,49998,46932,3066,6.1
24047,MD,"Worcester County, MD",25709,23592,2117,8.2,25755,23811,1944,7.5,26179,24307,1872,7.2,25367,22436,2931,11.6,24913,22861,2052,8.2
24510,MD,"Baltimore city, MD",294349,276896,17453,5.9,291380,275863,15517,5.3,292677,278237,14440,4.9,282207,257578,24629,8.7,277525,256302,21223,7.6
25001,MA,"Barnstable County, MA",114296,108844,5452,4.8,116246,111087,5159,4.4,115632,110921,4711,4.1,110468,98545,11923,10.8,112478,104925,7553,6.7
25003,MA,"Berkshire County, MA",65428,62468,2960,4.5,65595,62827,2768,4.2,64847,62434,2413,3.7,62370,56266,6104,9.8,62666,58491,4175,6.7
25005,MA,"Bristol County, MA",298931,284403,14528,4.9,304879,291498,13381,4.4,305047,293056,11991,3.9,299978,267445,32533,10.8,299547,279940,19607,6.5
25007,MA,"Dukes County, MA",9643,9162,481,5.0,9795,9331,464,4.7,9704,9286,418,4.3,9542,8598,944,9.9,9640,9010,630,6.5
25009,MA,"Essex County, MA",421835,405437,16398,3.9,430237,415008,15229,3.5,431580,418029,13551,3.1,424185,380186,43999,10.4,423777,396759,27018,6.4
25011,MA,"Franklin County, MA",40680,39288,1392,3.4,41445,40155,1290,3.1,41357,40184,1173,2.8,40222,37042,3180,7.9,40785,38757,2028,5.0
25013,MA,"Hampden County, MA",227565,215770,11795,5.2,231786,220751,11035,4.8,230948,220973,9975,4.3,225995,201171,24824,11.0,227099,209942,17157,7.6
25015,MA,"Hampshire County, MA",89978,86809,3169,3.5,91330,88479,2851,3.1,91601,88994,2607,2.8,88360,81642,6718,7.6,89375,85206,4169,4.7
25017,MA,"Middlesex County, MA",901081,872853,28228,3.1,924241,898422,25819,2.8,932660,909939,22721,2.4,900978,831412,69566,7.7,906656,864759,41897,4.6
25019,MA,"Nantucket County/town, MA",7268,6939,329,4.5,7600,7255,345,4.5,7722,7383,339,4.4,7622,6775,847,11.1,7733,7138,595,7.7
25021,MA,"Norfolk County, MA",383071,370046,13025,3.4,392853,380800,12053,3.1,398627,388029,10598,2.7,390023,355614,34409,8.8,390570,370471,20099,5.1
25023,MA,"Plymouth County, MA",277824,266641,11183,4.0,284693,274377,10316,3.6,288870,279665,9205,3.2,283634,255314,28320,10.0,283684,266284,17400,6.1
25025,MA,"Suffolk County, MA",444526,429084,15442,3.5,457696,443490,14206,3.1,462128,449409,12719,2.8,456198,409219,46979,10.3,453174,426176,26998,6.0
25027,MA,"Worcester County, MA",442393,424645,17748,4.0,451479,434968,16511,3.7,451227,436248,14979,3.3,442111,401024,41087,9.3,443682,417617,26065,5.9
26001,MI,"Alcona County, MI",3840,3569,271,7.1,3816,3564,252,6.6,3893,3643,250,6.4,3841,3440,401,10.4,3725,3462,263,7.1
26003,MI,"Alger County, MI",3291,3021,270,8.2,3215,2959,256,8.0,3190,2937,253,7.9,3120,2768,352,11.3,3089,2841,248,8.0
26005,MI,"Allegan County, MI",61238,58962,2276,3.7,62032,59982,2050,3.3,62488,60494,1994,3.2,61980,57267,4713,7.6,60557,57735,2822,4.7
26007,MI,"Alpena County, MI",13615,12846,769,5.6,13359,12670,689,5.2,13206,12568,638,4.8,13211,12143,1068,8.1,13183,12458,725,5.5
26009,MI,"Antrim County, MI",10074,9421,653,6.5,10074,9500,574,5.7,10314,9773,541,5.2,10112,9081,1031,10.2,9865,9172,693,7.0
26011,MI,"Arenac County, MI",6023,5543,480,8.0,5976,5550,426,7.1,6057,5652,405,6.7,5943,5243,700,11.8,5709,5234,475,8.3
26013,MI,"Baraga County, MI",3179,2936,243,7.6,3162,2967,195,6.2,3212,3005,207,6.4,3147,2759,388,12.3,3006,2769,237,7.9
26015,MI,"Barry County, MI",31291,30077,1214,3.9,31690,30599,1091,3.4,31875,30822,1053,3.3,31394,28982,2412,7.7,30851,29443,1408,4.6
26017,MI,"Bay County, MI",50944,48167,2777,5.5,50422,47988,2434,4.8,50195,47819,2376,4.7,49355,44622,4733,9.6,47921,45003,2918,6.1
26019,MI,"Benzie County, MI",8842,8276,566,6.4,8795,8307,488,5.5,8839,8381,458,5.2,8660,7812,848,9.8,8453,7949,504,6.0
26021,MI,"Berrien County, MI",74069,70539,3530,4.8,73369,70190,3179,4.3,73989,70966,3023,4.1,72419,65825,6594,9.1,69898,65843,4055,5.8
26023,MI,"Branch County, MI",19246,18371,875,4.5,19351,18626,725,3.7,19394,18621,773,4.0,19662,18014,1648,8.4,19085,18140,945,5.0
26025,MI,"Calhoun County, MI",63963,60884,3079,4.8,63142,60463,2679,4.2,62522,59910,2612,4.2,61755,55530,6225,10.1,59357,55459,3898,6.6
26027,MI,"Cass County, MI",24299,23198,1101,4.5,24475,23470,1005,4.1,24781,23711,1070,4.3,24347,22107,2240,9.2,23154,21980,1174,5.1
26029,MI,"Charlevoix County, MI",13075,12356,719,5.5,13124,12493,631,4.8,12903,12292,611,4.7,12505,11224,1281,10.2,12219,11484,735,6.0
26031,MI,"Cheboygan County, MI",10808,9739,1069,9.9,10721,9728,993,9.3,10527,9596,931,8.8,10315,8770,1545,15.0,9941,9113,828,8.3
26033,MI,"Chippewa County, MI",16352,15115,1237,7.6,16256,15168,1088,6.7,16112,15082,1030,6.4,15905,14400,1505,9.5,15786,14754,1032,6.5
26035,MI,"Clare County, MI",11957,11136,821,6.9,11824,11096,728,6.2,11809,11078,731,6.2,11700,10288,1412,12.1,11148,10251,897,8.0
26037,MI,"Clinton County, MI",40979,39511,1468,3.6,41157,39835,1322,3.2,41318,40055,1263,3.1,40183,37457,2726,6.8,38904,37179,1725,4.4
26039,MI,"Crawford County, MI",5417,5046,371,6.8,5544,5210,334,6.0,5597,5277,320,5.7,5589,4975,614,11.0,5359,4981,378,7.1
26041,MI,"Delta County, MI",17050,15994,1056,6.2,17050,16137,913,5.4,17146,16232,914,5.3,16819,15280,1539,9.2,16243,15244,999,6.2
26043,MI,"Dickinson County, MI",12549,11966,583,4.6,12540,12058,482,3.8,12280,11750,530,4.3,12116,11218,898,7.4,12132,11552,580,4.8
26045,MI,"Eaton County, MI",57267,54956,2311,4.0,57269,55258,2011,3.5,57519,55526,1993,3.5,56087,51632,4455,7.9,54084,51211,2873,5.3
26047,MI,"Emmet County, MI",17648,16515,1133,6.4,17714,16665,1049,5.9,17730,16754,976,5.5,17159,15304,1855,10.8,16348,15305,1043,6.4
26049,MI,"Genesee County, MI",180563,170419,10144,5.6,180835,171833,9002,5.0,181449,172270,9179,5.1,179481,158667,20814,11.6,174492,161241,13251,7.6
26051,MI,"Gladwin County, MI",9887,9253,634,6.4,9920,9357,563,5.7,9918,9341,577,5.8,9827,8827,1000,10.2,9595,8918,677,7.1
26053,MI,"Gogebic County, MI",6314,5943,371,5.9,6203,5886,317,5.1,6008,5698,310,5.2,5812,5341,471,8.1,5582,5273,309,5.5
26055,MI,"Grand Traverse County, MI",49333,47294,2039,4.1,49245,47408,1837,3.7,49789,48031,1758,3.5,48991,44732,4259,8.7,47928,45518,2410,5.0
26057,MI,"Gratiot County, MI",17851,16894,957,5.4,17819,16984,835,4.7,18053,17250,803,4.4,17788,16310,1478,8.3,17041,16094,947,5.6
26059,MI,"Hillsdale County, MI",20925,19914,1011,4.8,20598,19760,838,4.1,20513,19641,872,4.3,20084,18199,1885,9.4,19704,18630,1074,5.5
26061,MI,"Houghton County, MI",16465,15502,963,5.8,16179,15348,831,5.1,16252,15452,800,4.9,15880,14664,1216,7.7,15678,14888,790,5.0
26063,MI,"Huron County, MI",15609,14815,794,5.1,15468,14747,721,4.7,15436,14744,692,4.5,15414,14048,1366,8.9,14854,14058,796,5.4
26065,MI,"Ingham County, MI",151233,144847,6386,4.2,151380,145837,5543,3.7,151232,145801,5431,3.6,146305,134870,11435,7.8,141678,133763,7915,5.6
26067,MI,"Ionia County, MI",29839,28675,1164,3.9,29961,28917,1044,3.5,30374,29319,1055,3.5,30119,27633,2486,8.3,29513,28105,1408,4.8
26069,MI,"Iosco County, MI",10131,9396,735,7.3,10085,9439,646,6.4,10195,9576,619,6.1,10107,8999,1108,11.0,9819,9110,709,7.2
26071,MI,"Iron County, MI",5164,4838,326,6.3,5141,4852,289,5.6,5122,4834,288,5.6,4928,4505,423,8.6,4742,4454,288,6.1
26073,MI,"Isabella County, MI",35170,33620,1550,4.4,34905,33546,1359,3.9,34727,33383,1344,3.9,32957,30089,2868,8.7,31774,30098,1676,5.3
26075,MI,"Jackson County, MI",74366,70984,3382,4.5,74579,71622,2957,4.0,74630,71790,2840,3.8,74332,67413,6919,9.3,71993,67863,4130,5.7
26077,MI,"Kalamazoo County, MI",132832,127572,5260,4.0,133827,129212,4615,3.4,134120,129625,4495,3.4,131685,121713,9972,7.6,128630,122189,6441,5.0
26079,MI,"Kalkaska County, MI",7883,7345,538,6.8,7841,7376,465,5.9,7983,7525,458,5.7,7865,6955,910,11.6,7632,7078,554,7.3
26081,MI,"Kent County, MI",355685,343580,12105,3.4,360213,349395,10818,3.0,361705,351070,10635,2.9,355726,327484,28242,7.9,349167,332738,16429,4.7
26083,MI,"Keweenaw County, MI",901,823,78,8.7,882,820,62,7.0,902,840,62,6.9,895,812,83,9.3,883,824,59,6.7
26085,MI,"Lake County, MI",3727,3427,300,8.0,3638,3388,250,6.9,3775,3533,242,6.4,3954,3509,445,11.3,3843,3527,316,8.2
26087,MI,"Lapeer County, MI",41429,39141,2288,5.5,41531,39360,2171,5.2,41874,39637,2237,5.3,40521,35571,4950,12.2,40133,37704,2429,6.1
26089,MI,"Leelanau County, MI",10502,10005,497,4.7,10430,9982,448,4.3,10471,10071,400,3.8,10207,9362,845,8.3,10047,9524,523,5.2
26091,MI,"Lenawee County, MI",47139,44951,2188,4.6,46891,44971,1920,4.1,46448,44613,1835,4.0,45546,41328,4218,9.3,44522,42093,2429,5.5
26093,MI,"Livingston County, MI",102925,99425,3500,3.4,104525,101074,3451,3.3,106042,102606,3436,3.2,100793,92104,8689,8.6,101855,97621,4234,4.2
26095,MI,"Luce County, MI",2412,2250,162,6.7,2382,2232,150,6.3,2270,2124,146,6.4,2224,2022,202,9.1,2119,1969,150,7.1
26097,MI,"Mackinac County, MI",5197,4678,519,10.0,5208,4710,498,9.6,5199,4713,486,9.3,4932,4248,684,13.9,4785,4375,410,8.6
26099,MI,"Macomb County, MI",447838,428149,19689,4.4,451838,433446,18392,4.1,456825,437744,19081,4.2,442237,390268,51969,11.8,439812,413707,26105,5.9
26101,MI,"Manistee County, MI",10422,9753,669,6.4,10356,9751,605,5.8,10420,9835,585,5.6,10162,9012,1150,11.3,9744,9034,710,7.3
26103,MI,"Marquette County, MI",32908,31097,1811,5.5,32538,30932,1606,4.9,32496,30887,1609,5.0,31639,28905,2734,8.6,30639,28995,1644,5.4
26105,MI,"Mason County, MI",14036,13239,797,5.7,13793,13113,680,4.9,13658,12975,683,5.0,13270,11986,1284,9.7,13009,12171,838,6.4
26107,MI,"Mecosta County, MI",18798,17740,1058,5.6,18497,17566,931,5.0,18440,17566,874,4.7,18300,16555,1745,9.5,17735,16605,1130,6.4
26109,MI,"Menominee County, MI",11001,10475,526,4.8,11006,10557,449,4.1,11011,10561,450,4.1,10633,9917,716,6.7,10438,9966,472,4.5
26111,MI,"Midland County, MI",40546,38697,1849,4.6,40728,39099,1629,4.0,40181,38644,1537,3.8,39208,36115,3093,7.9,38276,36396,1880,4.9
26113,MI,"Missaukee County, MI",6920,6521,399,5.8,6882,6527,355,5.2,6938,6600,338,4.9,6898,6241,657,9.5,6800,6421,379,5.6
26115,MI,"Monroe County, MI",76087,72521,3566,4.7,76040,72832,3208,4.2,75772,72770,3002,4.0,74146,67313,6833,9.2,72149,67809,4340,6.0
26117,MI,"Montcalm County, MI",28167,26778,1389,4.9,28362,27145,1217,4.3,28328,27151,1177,4.2,27803,25157,2646,9.5,27073,25561,1512,5.6
26119,MI,"Montmorency County, MI",3058,2743,315,10.3,3020,2754,266,8.8,2998,2743,255,8.5,3010,2596,414,13.8,2936,2661,275,9.4
26121,MI,"Muskegon County, MI",77895,73815,4080,5.2,78109,74516,3593,4.6,77300,73939,3361,4.3,77415,68203,9212,11.9,75304,69663,5641,7.5
26123,MI,"Newaygo County, MI",23290,22159,1131,4.9,23213,22190,1023,4.4,23430,22423,1007,4.3,23274,21172,2102,9.0,22817,21533,1284,5.6
26125,MI,"Oakland County, MI",673030,649306,23724,3.5,682269,659290,22979,3.4,688661,665495,23166,3.4,653339,593872,59467,9.1,660330,629457,30873,4.7
26127,MI,"Oceana County, MI",12220,11366,854,7.0,12048,11291,757,6.3,12075,11342,733,6.1,11998,10695,1303,10.9,11581,10721,860,7.4
26129,MI,"Ogemaw County, MI",8177,7559,618,7.6,8218,7646,572,7.0,8048,7502,546,6.8,8048,7129,919,11.4,7874,7256,618,7.8
26131,MI,"Ontonagon County, MI",2166,1978,188,8.7,2099,1934,165,7.9,2085,1940,145,7.0,2043,1822,221,10.8,2012,1859,153,7.6
26133,MI,"Osceola County, MI",10629,10004,625,5.9,10903,10416,487,4.5,11266,10802,464,4.1,11509,10513,996,8.7,11277,10653,624,5.5
26135,MI,"Oscoda County, MI",2913,2702,211,7.2,2952,2761,191,6.5,2993,2779,214,7.2,2796,2434,362,12.9,2630,2391,239,9.1
26137,MI,"Otsego County, MI",11660,10970,690,5.9,11612,10997,615,5.3,11633,11045,588,5.1,11602,10364,1238,10.7,11351,10579,772,6.8
26139,MI,"Ottawa County, MI",158161,153056,5105,3.2,161039,156454,4585,2.8,161861,157317,4544,2.8,159280,147975,11305,7.1,156739,150355,6384,4.1
26141,MI,"Presque Isle County, MI",5171,4698,473,9.1,5046,4641,405,8.0,4952,4573,379,7.7,4939,4364,575,11.6,4796,4417,379,7.9
26143,MI,"Roscommon County, MI",7837,7155,682,8.7,7862,7245,617,7.8,7776,7185,591,7.6,7740,6752,988,12.8,7388,6679,709,9.6
26145,MI,"Saginaw County, MI",87718,83062,4656,5.3,87179,83005,4174,4.8,86847,82632,4215,4.9,84423,75670,8753,10.4,81321,75566,5755,7.1
26147,MI,"St. Clair County, MI",76071,72179,3892,5.1,76430,72759,3671,4.8,77195,73476,3719,4.8,74653,65913,8740,11.7,74255,69862,4393,5.9
26149,MI,"St. Joseph County, MI",28734,27542,1192,4.1,28343,27278,1065,3.8,28195,26978,1217,4.3,28988,26261,2727,9.4,27776,26354,1422,5.1
26151,MI,"Sanilac County, MI",19305,18187,1118,5.8,19248,18247,1001,5.2,19578,18633,945,4.8,19398,17443,1955,10.1,18923,17768,1155,6.1
26153,MI,"Schoolcraft County, MI",3360,3084,276,8.2,3371,3128,243,7.2,3304,3067,237,7.2,3238,2909,329,10.2,3128,2877,251,8.0
26155,MI,"Shiawassee County, MI",33374,31679,1695,5.1,33244,31799,1445,4.3,33464,32011,1453,4.3,32699,29589,3110,9.5,31704,29908,1796,5.7
26157,MI,"Tuscola County, MI",23934,22467,1467,6.1,23775,22465,1310,5.5,23912,22674,1238,5.2,23597,21121,2476,10.5,22658,21236,1422,6.3
26159,MI,"Van Buren County, MI",35298,33319,1979,5.6,35136,33401,1735,4.9,35353,33716,1637,4.6,34675,31642,3033,8.7,33843,31794,2049,6.1
26161,MI,"Washtenaw County, MI",194316,187585,6731,3.5,196277,190241,6036,3.1,198915,193127,5788,2.9,193121,180109,13012,6.7,189511,181350,8161,4.3
26163,MI,"Wayne County, MI",800940,756569,44371,5.5,808388,766155,42233,5.2,817145,776312,40833,5.0,801382,693025,108357,13.5,797703,734140,63563,8.0
26165,MI,"Wexford County, MI",14778,13966,812,5.5,14739,14043,696,4.7,14862,14179,683,4.6,14866,13293,1573,10.6,14561,13694,867,6.0
27001,MN,"Aitkin County, MN",7210,6757,453,6.3,7230,6797,433,6.0,7375,6892,483,6.5,7521,6889,632,8.4,7244,6904,340,4.7
27003,MN,"Anoka County, MN",196203,189568,6635,3.4,197594,191702,5892,3.0,201114,194536,6578,3.3,201039,187963,13076,6.5,195027,188434,6593,3.4
27005,MN,"Becker County, MN",18650,17864,786,4.2,18699,17986,713,3.8,19008,18211,797,4.2,19037,17812,1225,6.4,18683,18057,626,3.4
27007,MN,"Beltrami County, MN",23766,22597,1169,4.9,24284,23218,1066,4.4,24670,23551,1119,4.5,25012,23386,1626,6.5,23933,23050,883,3.7
27009,MN,"Benton County, MN",21836,20943,893,4.1,21945,21127,818,3.7,22214,21293,921,4.1,22187,20675,1512,6.8,21312,20405,907,4.3
27011,MN,"Big Stone County, MN",2582,2467,115,4.5,2514,2412,102,4.1,2515,2404,111,4.4,2556,2430,126,4.9,2395,2312,83,3.5
27013,MN,"Blue Earth County, MN",40207,39023,1184,2.9,40480,39389,1091,2.7,41079,39868,1211,2.9,40820,38576,2244,5.5,39179,37981,1198,3.1
27015,MN,"Brown County, MN",14446,13905,541,3.7,14546,14023,523,3.6,14534,13976,558,3.8,14303,13543,760,5.3,13430,13014,416,3.1
27017,MN,"Carlton County, MN",17776,16925,851,4.8,17923,17136,787,4.4,18104,17246,858,4.7,17824,16497,1327,7.4,17106,16421,685,4.0
27019,MN,"Carver County, MN",57678,55976,1702,3.0,58539,56995,1544,2.6,59957,58192,1765,2.9,59781,56622,3159,5.3,58187,56606,1581,2.7
27021,MN,"Cass County, MN",14417,13550,867,6.0,14370,13579,791,5.5,14590,13735,855,5.9,14551,13194,1357,9.3,15598,14909,689,4.4
27023,MN,"Chippewa County, MN",6957,6678,279,4.0,6913,6677,236,3.4,6975,6687,288,4.1,6802,6443,359,5.3,6462,6271,191,3.0
27025,MN,"Chisago County, MN",29617,28431,1186,4.0,29938,28863,1075,3.6,30603,29380,1223,4.0,30383,28317,2066,6.8,29423,28335,1088,3.7
27027,MN,"Clay County, MN",35826,34662,1164,3.2,35816,34714,1102,3.1,36506,35325,1181,3.2,36616,34987,1629,4.4,36092,35108,984,2.7
27029,MN,"Clearwater County, MN",4625,4215,410,8.9,4499,4111,388,8.6,4531,4136,395,8.7,4562,4101,461,10.1,4409,4153,256,5.8
27031,MN,"Cook County, MN",3122,3001,121,3.9,3059,2947,112,3.7,3156,3012,144,4.6,3009,2753,256,8.5,2867,2738,129,4.5
27033,MN,"Cottonwood County, MN",5743,5441,302,5.3,5833,5610,223,3.8,5985,5750,235,3.9,6371,6062,309,4.9,6409,6193,216,3.4
27035,MN,"Crow Wing County, MN",32366,30905,1461,4.5,32332,30967,1365,4.2,32642,31138,1504,4.6,32536,30117,2419,7.4,31834,30555,1279,4.0
27037,MN,"Dakota County, MN",239126,231802,7324,3.1,241422,234826,6596,2.7,245765,238218,7547,3.1,245146,229690,15456,6.3,237756,230287,7469,3.1
27039,MN,"Dodge County, MN",11753,11353,400,3.4,11825,11444,381,3.2,12020,11588,432,3.6,12122,11451,671,5.5,11735,11371,364,3.1
27041,MN,"Douglas County, MN",20623,19961,662,3.2,20697,20071,626,3.0,21276,20560,716,3.4,21402,20352,1050,4.9,20894,20304,590,2.8
27043,MN,"Faribault County, MN",7173,6870,303,4.2,7024,6764,260,3.7,7107,6794,313,4.4,7157,6704,453,6.3,6806,6548,258,3.8
27045,MN,"Fillmore County, MN",11465,11059,406,3.5,11534,11150,384,3.3,11647,11237,410,3.5,11754,11137,617,5.2,11282,10949,333,3.0
27047,MN,"Freeborn County, MN",16220,15622,598,3.7,16100,15549,551,3.4,16279,15683,596,3.7,16311,15365,946,5.8,15344,14811,533,3.5
27049,MN,"Goodhue County, MN",26970,26092,878,3.3,26900,26107,793,2.9,27294,26406,888,3.3,26889,25281,1608,6.0,26010,25176,834,3.2
27051,MN,"Grant County, MN",3296,3160,136,4.1,3315,3174,141,4.3,3350,3192,158,4.7,3365,3180,185,5.5,3210,3092,118,3.7
27053,MN,"Hennepin County, MN",701697,680190,21507,3.1,706043,687099,18944,2.7,715907,694727,21180,3.0,715240,667542,47698,6.7,693393,669687,23706,3.4
27055,MN,"Houston County, MN",10504,10140,364,3.5,10441,10120,321,3.1,10506,10148,358,3.4,10416,9952,464,4.5,10158,9868,290,2.9
27057,MN,"Hubbard County, MN",9868,9309,559,5.7,9931,9403,528,5.3,10109,9530,579,5.7,10068,9335,733,7.3,9978,9571,407,4.1
27059,MN,"Isanti County, MN",21097,20179,918,4.4,21309,20460,849,4.0,21843,20908,935,4.3,21987,20462,1525,6.9,21344,20476,868,4.1
27061,MN,"Itasca County, MN",21850,20312,1538,7.0,21921,20653,1268,5.8,22223,20823,1400,6.3,22295,20337,1958,8.8,21147,20154,993,4.7
27063,MN,"Jackson County, MN",5782,5570,212,3.7,5739,5560,179,3.1,5774,5563,211,3.7,5832,5519,313,5.4,5402,5232,170,3.1
27065,MN,"Kanabec County, MN",9077,8519,558,6.1,8996,8471,525,5.8,9185,8613,572,6.2,9178,8412,766,8.3,8885,8415,470,5.3
27067,MN,"Kandiyohi County, MN",24946,24126,820,3.3,24842,24060,782,3.1,24580,23661,919,3.7,24779,23547,1232,5.0,22957,22142,815,3.6
27069,MN,"Kittson County, MN",2377,2288,89,3.7,2345,2272,73,3.1,2396,2304,92,3.8,2405,2290,115,4.8,2223,2159,64,2.9
27071,MN,"Koochiching County, MN",6003,5572,431,7.2,5979,5587,392,6.6,6059,5652,407,6.7,5851,5405,446,7.6,5582,5336,246,4.4
27073,MN,"Lac qui Parle County, MN",3539,3416,123,3.5,3536,3399,137,3.9,3580,3438,142,4.0,3536,3361,175,4.9,3303,3209,94,2.8
27075,MN,"Lake County, MN",5531,5316,215,3.9,5502,5316,186,3.4,5561,5347,214,3.8,5363,4967,396,7.4,5249,5060,189,3.6
27077,MN,"Lake of the Woods County, MN",2395,2282,113,4.7,2411,2313,98,4.1,2476,2366,110,4.4,2449,2295,154,6.3,2362,2275,87,3.7
27079,MN,"Le Sueur County, MN",15928,15178,750,4.7,16157,15445,712,4.4,16539,15755,784,4.7,16215,15077,1138,7.0,15633,14995,638,4.1
27081,MN,"Lincoln County, MN",3372,3263,109,3.2,3274,3169,105,3.2,3290,3158,132,4.0,3151,3005,146,4.6,2957,2858,99,3.3
27083,MN,"Lyon County, MN",15034,14549,485,3.2,14823,14371,452,3.0,14672,14175,497,3.4,14667,13999,668,4.6,13966,13583,383,2.7
27085,MN,"McLeod County, MN",19594,18844,750,3.8,19612,18955,657,3.3,19547,18778,769,3.9,19429,18289,1140,5.9,18763,18118,645,3.4
27087,MN,"Mahnomen County, MN",2372,2252,120,5.1,2336,2221,115,4.9,2325,2208,117,5.0,2220,1925,295,13.3,2141,2014,127,5.9
27089,MN,"Marshall County, MN",5503,5118,385,7.0,5452,5115,337,6.2,5473,5132,341,6.2,5489,5115,374,6.8,5173,4958,215,4.2
27091,MN,"Martin County, MN",10459,10094,365,3.5,10309,9961,348,3.4,10166,9758,408,4.0,10099,9546,553,5.5,9468,9164,304,3.2
27093,MN,"Meeker County, MN",13303,12760,543,4.1,13223,12731,492,3.7,13499,12945,554,4.1,13372,12642,730,5.5,12907,12470,437,3.4
27095,MN,"Mille Lacs County, MN",12789,12071,718,5.6,12908,12244,664,5.1,13139,12385,754,5.7,12969,11833,1136,8.8,12462,11820,642,5.2
27097,MN,"Morrison County, MN",17748,16795,953,5.4,17639,16756,883,5.0,17784,16803,981,5.5,18043,16780,1263,7.0,17149,16388,761,4.4
27099,MN,"Mower County, MN",20653,20065,588,2.8,20477,19882,595,2.9,20634,19971,663,3.2,20956,19879,1077,5.1,20169,19538,631,3.1
27101,MN,"Murray County, MN",4907,4689,218,4.4,4902,4707,195,4.0,4902,4679,223,4.5,4881,4624,257,5.3,4599,4424,175,3.8
27103,MN,"Nicollet County, MN",20707,20177,530,2.6,20871,20376,495,2.4,21161,20589,572,2.7,20944,19912,1032,4.9,20123,19567,556,2.8
27105,MN,"Nobles County, MN",11392,11027,365,3.2,11340,11023,317,2.8,11336,10977,359,3.2,11665,11159,506,4.3,11076,10760,316,2.9
27107,MN,"Norman County, MN",3412,3250,162,4.7,3376,3220,156,4.6,3291,3123,168,5.1,3330,3113,217,6.5,3154,3030,124,3.9
27109,MN,"Olmsted County, MN",87102,84728,2374,2.7,88123,85948,2175,2.5,90117,87653,2464,2.7,91855,86794,5061,5.5,89697,87173,2524,2.8
27111,MN,"Otter Tail County, MN",31683,30413,1270,4.0,31510,30295,1215,3.9,31773,30364,1409,4.4,31735,29957,1778,5.6,30602,29566,1036,3.4
27113,MN,"Pennington County, MN",8837,8333,504,5.7,8812,8419,393,4.5,8810,8384,426,4.8,8732,8175,557,6.4,8527,8211,316,3.7
27115,MN,"Pine County, MN",15058,14191,867,5.8,14952,14176,776,5.2,15242,14351,891,5.8,14689,13379,1310,8.9,13970,13277,693,5.0
27117,MN,"Pipestone County, MN",4880,4716,164,3.4,4952,4800,152,3.1,4968,4784,184,3.7,4711,4513,198,4.2,4444,4317,127,2.9
27119,MN,"Polk County, MN",17072,16348,724,4.2,16781,16119,662,3.9,16881,16172,709,4.2,16390,15434,956,5.8,15699,15100,599,3.8
27121,MN,"Pope County, MN",6388,6190,198,3.1,6438,6258,180,2.8,6597,6378,219,3.3,6582,6280,302,4.6,6285,6109,176,2.8
27123,MN,"Ramsey County, MN",288172,278748,9424,3.3,289445,281073,8372,2.9,292145,282808,9337,3.2,290469,269924,20545,7.1,281343,270690,10653,3.8
27125,MN,"Red Lake County, MN",2262,2111,151,6.7,2240,2117,123,5.5,2252,2127,125,5.6,2244,2094,150,6.7,2150,2065,85,4.0
27127,MN,"Redwood County, MN",7712,7394,318,4.1,7648,7355,293,3.8,7690,7388,302,3.9,7811,7369,442,5.7,7379,7128,251,3.4
27129,MN,"Renville County, MN",8920,8522,398,4.5,8759,8389,370,4.2,8735,8315,420,4.8,8540,8034,506,5.9,8153,7838,315,3.9
27131,MN,"Rice County, MN",36695,35518,1177,3.2,37070,35969,1101,3.0,37620,36375,1245,3.3,37521,35481,2040,5.4,36354,35190,1164,3.2
27133,MN,"Rock County, MN",5899,5774,125,2.1,5720,5579,141,2.5,5705,5566,139,2.4,5864,5679,185,3.2,5801,5691,110,1.9
27135,MN,"Roseau County, MN",8178,7776,402,4.9,7928,7643,285,3.6,7928,7601,327,4.1,7974,7504,470,5.9,7748,7521,227,2.9
27137,MN,"St. Louis County, MN",103006,98204,4802,4.7,102435,98376,4059,4.0,102951,98568,4383,4.3,101666,94186,7480,7.4,97613,93880,3733,3.8
27139,MN,"Scott County, MN",82507,80090,2417,2.9,83529,81289,2240,2.7,85170,82678,2492,2.9,85225,80122,5103,6.0,82810,80313,2497,3.0
27141,MN,"Sherburne County, MN",51597,49655,1942,3.8,52406,50640,1766,3.4,53575,51580,1995,3.7,53570,50229,3341,6.2,52101,50294,1807,3.5
27143,MN,"Sibley County, MN",8451,8145,306,3.6,8548,8259,289,3.4,8576,8225,351,4.1,8351,7869,482,5.8,7965,7677,288,3.6
27145,MN,"Stearns County, MN",90470,87377,3093,3.4,90469,87616,2853,3.2,91669,88564,3105,3.4,91724,86347,5377,5.9,88222,85060,3162,3.6
27147,MN,"Steele County, MN",20627,19925,702,3.4,20560,19907,653,3.2,21386,20666,720,3.4,20658,19505,1153,5.6,19944,19294,650,3.3
27149,MN,"Stevens County, MN",5531,5383,148,2.7,5467,5328,139,2.5,5504,5347,157,2.9,5466,5283,183,3.3,5182,5060,122,2.4
27151,MN,"Swift County, MN",5072,4862,210,4.1,5039,4843,196,3.9,4957,4727,230,4.6,4906,4612,294,6.0,4640,4470,170,3.7
27153,MN,"Todd County, MN",13561,13021,540,4.0,13548,12982,566,4.2,13705,13064,641,4.7,13875,13110,765,5.5,13158,12672,486,3.7
27155,MN,"Traverse County, MN",1780,1716,64,3.6,1784,1722,62,3.5,1784,1715,69,3.9,1765,1684,81,4.6,1632,1582,50,3.1
27157,MN,"Wabasha County, MN",12218,11806,412,3.4,12269,11880,389,3.2,12399,11958,441,3.6,12506,11820,686,5.5,12017,11656,361,3.0
27159,MN,"Wadena County, MN",5859,5530,329,5.6,5944,5612,332,5.6,6010,5616,394,6.6,6054,5571,483,8.0,5854,5593,261,4.5
27161,MN,"Waseca County, MN",9338,8972,366,3.9,9020,8628,392,4.3,9135,8760,375,4.1,9189,8599,590,6.4,8665,8323,342,3.9
27163,MN,"Washington County, MN",141557,137267,4290,3.0,143247,139391,3856,2.7,146365,141973,4392,3.0,145942,137581,8361,5.7,141988,137850,4138,2.9
27165,MN,"Watonwan County, MN",6530,6245,285,4.4,6553,6311,242,3.7,6584,6301,283,4.3,6697,6376,321,4.8,6396,6204,192,3.0
27167,MN,"Wilkin County, MN",3568,3456,112,3.1,3538,3424,114,3.2,3551,3424,127,3.6,3485,3337,148,4.2,3323,3230,93,2.8
27169,MN,"Winona County, MN",29101,28187,914,3.1,28827,28016,811,2.8,28920,28033,887,3.1,28410,26971,1439,5.1,27272,26494,778,2.9
27171,MN,"Wright County, MN",74512,71863,2649,3.6,75674,73266,2408,3.2,77480,74807,2673,3.4,77159,72766,4393,5.7,75116,72797,2319,3.1
27173,MN,"Yellow Medicine County, MN",5376,5188,188,3.5,5371,5199,172,3.2,5415,5196,219,4.0,5335,5084,251,4.7,4961,4813,148,3.0
28001,MS,"Adams County, MS",11207,10368,839,7.5,11221,10494,727,6.5,11145,10353,792,7.1,10429,9310,1119,10.7,10634,9762,872,8.2
28003,MS,"Alcorn County, MS",15998,15271,727,4.5,16092,15407,685,4.3,16165,15399,766,4.7,15117,14189,928,6.1,15128,14407,721,4.8
28005,MS,"Amite County, MS",4454,4144,310,7.0,4381,4103,278,6.3,4438,4129,309,7.0,4375,4016,359,8.2,4398,4079,319,7.3
28007,MS,"Attala County, MS",6945,6514,431,6.2,6952,6550,402,5.8,7020,6578,442,6.3,6840,6280,560,8.2,6882,6469,413,6.0
28009,MS,"Benton County, MS",3028,2854,174,5.7,3027,2853,174,5.7,3054,2864,190,6.2,2991,2748,243,8.1,3041,2846,195,6.4
28011,MS,"Bolivar County, MS",12871,12023,848,6.6,12384,11609,775,6.3,11945,11100,845,7.1,11350,10386,964,8.5,11364,10578,786,6.9
28013,MS,"Calhoun County, MS",5618,5348,270,4.8,5555,5289,266,4.8,5581,5268,313,5.6,5514,5077,437,7.9,5422,5138,284,5.2
28015,MS,"Carroll County, MS",3526,3315,211,6.0,3443,3243,200,5.8,3530,3311,219,6.2,3391,3134,257,7.6,3471,3269,202,5.8
28017,MS,"Chickasaw County, MS",7052,6673,379,5.4,7002,6642,360,5.1,6926,6531,395,5.7,6867,6140,727,10.6,6870,6437,433,6.3
28019,MS,"Choctaw County, MS",3610,3425,185,5.1,3708,3521,187,5.0,3706,3500,206,5.6,3545,3324,221,6.2,3565,3394,171,4.8
28021,MS,"Claiborne County, MS",3021,2718,303,10.0,3015,2731,284,9.4,3095,2766,329,10.6,3062,2630,432,14.1,2980,2632,348,11.7
28023,MS,"Clarke County, MS",6146,5766,380,6.2,5944,5605,339,5.7,5954,5583,371,6.2,5701,5230,471,8.3,5669,5313,356,6.3
28025,MS,"Clay County, MS",7722,7184,538,7.0,7686,7207,479,6.2,7849,7264,585,7.5,7817,6925,892,11.4,8027,7453,574,7.2
28027,MS,"Coahoma County, MS",8604,7947,657,7.6,8378,7774,604,7.2,8330,7691,639,7.7,8262,7255,1007,12.2,8022,7316,706,8.8
28029,MS,"Copiah County, MS",11226,10569,657,5.9,11129,10491,638,5.7,11090,10353,737,6.6,10644,9782,862,8.1,10772,10073,699,6.5
28031,MS,"Covington County, MS",8083,7682,401,5.0,8066,7696,370,4.6,8207,7811,396,4.8,8225,7670,555,6.7,8214,7791,423,5.1
28033,MS,"DeSoto County, MS",88457,84967,3490,3.9,90482,86949,3533,3.9,92898,88767,4131,4.4,91089,85724,5365,5.9,92926,88834,4092,4.4
28035,MS,"Forrest County, MS",33394,31730,1664,5.0,33084,31562,1522,4.6,33130,31407,1723,5.2,32429,29866,2563,7.9,33213,31333,1880,5.7
28037,MS,"Franklin County, MS",2856,2657,199,7.0,2804,2634,170,6.1,2780,2588,192,6.9,2707,2487,220,8.1,2660,2478,182,6.8
28039,MS,"George County, MS",8819,8171,648,7.3,8779,8192,587,6.7,8933,8271,662,7.4,8852,8063,789,8.9,8749,8136,613,7.0
28041,MS,"Greene County, MS",4368,4032,336,7.7,4284,4008,276,6.4,4357,4013,344,7.9,4247,3843,404,9.5,4197,3879,318,7.6
28043,MS,"Grenada County, MS",9625,9171,454,4.7,9549,9129,420,4.4,9617,9137,480,5.0,9151,8506,645,7.0,9083,8630,453,5.0
28045,MS,"Hancock County, MS",18687,17620,1067,5.7,18646,17670,976,5.2,18841,17775,1066,5.7,18566,17037,1529,8.2,19045,17931,1114,5.8
28047,MS,"Harrison County, MS",85907,81617,4290,5.0,85804,81731,4073,4.7,86822,82294,4528,5.2,86485,78493,7992,9.2,87481,82697,4784,5.5
28049,MS,"Hinds County, MS",108990,103552,5438,5.0,106847,101675,5172,4.8,105194,99638,5556,5.3,102032,92650,9382,9.2,101911,95588,6323,6.2
28051,MS,"Holmes County, MS",5810,5250,560,9.6,5686,5165,521,9.2,5604,5031,573,10.2,5440,4576,864,15.9,5208,4635,573,11.0
28053,MS,"Humphreys County, MS",2200,1987,213,9.7,2193,1995,198,9.0,2186,1963,223,10.2,2181,1866,315,14.4,2068,1805,263,12.7
28055,MS,"Issaquena County, MS",392,344,48,12.2,370,336,34,9.2,361,318,43,11.9,326,298,28,8.6,322,292,30,9.3
28057,MS,"Itawamba County, MS",10491,10038,453,4.3,10370,9939,431,4.2,10507,10009,498,4.7,10154,9461,693,6.8,10326,9883,443,4.3
28059,MS,"Jackson County, MS",58393,54842,3551,6.1,58221,54849,3372,5.8,58559,54983,3576,6.1,57693,52314,5379,9.3,58667,55139,3528,6.0
28061,MS,"Jasper County, MS",6072,5664,408,6.7,5987,5624,363,6.1,6240,5814,426,6.8,5972,5449,523,8.8,5817,5395,422,7.3
28063,MS,"Jefferson County, MS",2120,1802,318,15.0,2024,1752,272,13.4,2011,1695,316,15.7,1957,1605,352,18.0,1919,1601,318,16.6
28065,MS,"Jefferson Davis County, MS",4229,3933,296,7.0,4095,3814,281,6.9,4102,3817,285,6.9,3944,3573,371,9.4,3897,3596,301,7.7
28067,MS,"Jones County, MS",25352,24004,1348,5.3,25550,24270,1280,5.0,26402,24996,1406,5.3,25160,23412,1748,6.9,24598,23206,1392,5.7
28069,MS,"Kemper County, MS",3588,3302,286,8.0,3565,3293,272,7.6,3481,3208,273,7.8,3311,3000,311,9.4,3282,3038,244,7.4
28071,MS,"Lafayette County, MS",27467,26294,1173,4.3,28093,26963,1130,4.0,28013,26782,1231,4.4,26288,24724,1564,5.9,27635,26498,1137,4.1
28073,MS,"Lamar County, MS",30096,28912,1184,3.9,30586,29429,1157,3.8,31074,29752,1322,4.3,30383,28592,1791,5.9,31299,30012,1287,4.1
28075,MS,"Lauderdale County, MS",31724,29988,1736,5.5,30736,29162,1574,5.1,30347,28678,1669,5.5,29215,27065,2150,7.4,29077,27504,1573,5.4
28077,MS,"Lawrence County, MS",4678,4364,314,6.7,4637,4355,282,6.1,4638,4319,319,6.9,4604,4212,392,8.5,4613,4294,319,6.9
28079,MS,"Leake County, MS",7576,7130,446,5.9,7828,7424,404,5.2,8040,7593,447,5.6,7930,7319,611,7.7,7900,7457,443,5.6
28081,MS,"Lee County, MS",41036,39344,1692,4.1,40687,39067,1620,4.0,41443,39628,1815,4.4,40820,37573,3247,8.0,41213,39311,1902,4.6
28083,MS,"Leflore County, MS",10115,9342,773,7.6,9942,9235,707,7.1,9909,9158,751,7.6,9760,8741,1019,10.4,9941,9131,810,8.1
28085,MS,"Lincoln County, MS",14516,13740,776,5.3,14576,13870,706,4.8,14636,13811,825,5.6,14288,13256,1032,7.2,14774,14032,742,5.0
28087,MS,"Lowndes County, MS",25241,23851,1390,5.5,25130,23874,1256,5.0,25732,24376,1356,5.3,24640,22625,2015,8.2,24797,23333,1464,5.9
28089,MS,"Madison County, MS",53096,50971,2125,4.0,53114,51080,2034,3.8,53868,51497,2371,4.4,52326,48986,3340,6.4,52799,50539,2260,4.3
28091,MS,"Marion County, MS",10179,9604,575,5.6,10018,9488,530,5.3,10003,9450,553,5.5,9988,9293,695,7.0,10268,9725,543,5.3
28093,MS,"Marshall County, MS",14350,13588,762,5.3,14342,13604,738,5.1,14445,13610,835,5.8,13964,12929,1035,7.4,14217,13391,826,5.8
28095,MS,"Monroe County, MS",15544,14720,824,5.3,15409,14634,775,5.0,15627,14777,850,5.4,15464,14118,1346,8.7,15758,14938,820,5.2
28097,MS,"Montgomery County, MS",4153,3936,217,5.2,3999,3781,218,5.5,3946,3709,237,6.0,3860,3556,304,7.9,3877,3641,236,6.1
28099,MS,"Neshoba County, MS",10364,9813,551,5.3,10152,9629,523,5.2,10343,9730,613,5.9,10246,9313,933,9.1,10035,9472,563,5.6
28101,MS,"Newton County, MS",8900,8436,464,5.2,8758,8328,430,4.9,8374,7899,475,5.7,7940,7324,616,7.8,8146,7703,443,5.4
28103,MS,"Noxubee County, MS",3894,3601,293,7.5,3802,3539,263,6.9,3773,3497,276,7.3,3776,3365,411,10.9,3597,3276,321,8.9
28105,MS,"Oktibbeha County, MS",22181,21047,1134,5.1,22334,21248,1086,4.9,22752,21470,1282,5.6,21799,20156,1643,7.5,22478,21246,1232,5.5
28107,MS,"Panola County, MS",13035,12135,900,6.9,12822,12024,798,6.2,12660,11823,837,6.6,12554,11350,1204,9.6,12578,11686,892,7.1
28109,MS,"Pearl River County, MS",23403,22137,1266,5.4,23491,22346,1145,4.9,23729,22472,1257,5.3,22926,21303,1623,7.1,23318,22005,1313,5.6
28111,MS,"Perry County, MS",4312,4032,280,6.5,4258,4000,258,6.1,4298,4005,293,6.8,4132,3777,355,8.6,4234,3957,277,6.5
28113,MS,"Pike County, MS",14441,13539,902,6.2,14448,13586,862,6.0,14531,13577,954,6.6,14404,13142,1262,8.8,14405,13381,1024,7.1
28115,MS,"Pontotoc County, MS",14619,14040,579,4.0,14591,14013,578,4.0,14978,14324,654,4.4,14843,13723,1120,7.5,15007,14341,666,4.4
28117,MS,"Prentiss County, MS",11179,10656,523,4.7,11226,10729,497,4.4,11365,10812,553,4.9,11038,10290,748,6.8,11272,10777,495,4.4
28119,MS,"Quitman County, MS",2426,2204,222,9.2,2356,2170,186,7.9,2327,2136,191,8.2,2329,2082,247,10.6,2335,2137,198,8.5
28121,MS,"Rankin County, MS",75855,73065,2790,3.7,76035,73331,2704,3.6,77216,74146,3070,4.0,74275,70439,3836,5.2,75393,72669,2724,3.6
28123,MS,"Scott County, MS",12996,12445,551,4.2,12903,12378,525,4.1,12820,12246,574,4.5,12433,11718,715,5.8,12338,11763,575,4.7
28125,MS,"Sharkey County, MS",1611,1479,132,8.2,1606,1485,121,7.5,1479,1344,135,9.1,1451,1296,155,10.7,1401,1270,131,9.4
28127,MS,"Simpson County, MS",10916,10368,548,5.0,10718,10213,505,4.7,10770,10209,561,5.2,10367,9677,690,6.7,10514,9967,547,5.2
28129,MS,"Smith County, MS",6742,6413,329,4.9,6748,6440,308,4.6,6810,6453,357,5.2,6540,6170,370,5.7,6560,6264,296,4.5
28131,MS,"Stone County, MS",6559,6147,412,6.3,6709,6309,400,6.0,6908,6485,423,6.1,6840,6331,509,7.4,6931,6555,376,5.4
28133,MS,"Sunflower County, MS",7944,7267,677,8.5,7774,7149,625,8.0,7457,6775,682,9.1,7435,6626,809,10.9,7389,6715,674,9.1
28135,MS,"Tallahatchie County, MS",5463,5162,301,5.5,5259,4970,289,5.5,5368,5064,304,5.7,5089,4716,373,7.3,4800,4507,293,6.1
28137,MS,"Tate County, MS",12070,11441,629,5.2,12252,11627,625,5.1,12205,11517,688,5.6,11944,11049,895,7.5,12106,11429,677,5.6
28139,MS,"Tippah County, MS",9440,9007,433,4.6,9431,9011,420,4.5,9560,9071,489,5.1,9182,8552,630,6.9,9427,8993,434,4.6
28141,MS,"Tishomingo County, MS",8337,7912,425,5.1,8492,8093,399,4.7,8679,8235,444,5.1,8246,7714,532,6.5,8317,7938,379,4.6
28143,MS,"Tunica County, MS",4444,4173,271,6.1,4393,4150,243,5.5,4325,4051,274,6.3,4432,3775,657,14.8,4275,3896,379,8.9
28145,MS,"Union County, MS",13947,13430,517,3.7,14007,13498,509,3.6,14365,13763,602,4.2,13932,12960,972,7.0,14078,13505,573,4.1
28147,MS,"Walthall County, MS",5053,4702,351,6.9,5048,4715,333,6.6,4959,4599,360,7.3,4916,4510,406,8.3,4937,4597,340,6.9
28149,MS,"Warren County, MS",20803,19599,1204,5.8,20447,19305,1142,5.6,20476,19249,1227,6.0,19904,18206,1698,8.5,19416,18221,1195,6.2
28151,MS,"Washington County, MS",17722,16421,1301,7.3,17227,16030,1197,6.9,16202,14927,1275,7.9,16192,14481,1711,10.6,15920,14613,1307,8.2
28153,MS,"Wayne County, MS",7373,6893,480,6.5,7311,6900,411,5.6,7529,7069,460,6.1,7381,6752,629,8.5,7335,6842,493,6.7
28155,MS,"Webster County, MS",3866,3657,209,5.4,3897,3698,199,5.1,3963,3736,227,5.7,3837,3559,278,7.2,3941,3729,212,5.4
28157,MS,"Wilkinson County, MS",2828,2572,256,9.1,2774,2529,245,8.8,2812,2526,286,10.2,2721,2372,349,12.8,2736,2431,305,11.1
28159,MS,"Winston County, MS",7202,6756,446,6.2,7289,6863,426,5.8,7416,6965,451,6.1,7257,6642,615,8.5,7180,6735,445,6.2
28161,MS,"Yalobusha County, MS",5066,4783,283,5.6,5106,4848,258,5.1,4979,4693,286,5.7,4841,4469,372,7.7,4902,4633,269,5.5
28163,MS,"Yazoo County, MS",9069,8501,568,6.3,9353,8817,536,5.7,9940,9311,629,6.3,8964,8067,897,10.0,8946,8292,654,7.3
29001,MO,"Adair County, MO",10460,10016,444,4.2,10605,10235,370,3.5,10263,9885,378,3.7,10046,9536,510,5.1,9908,9481,427,4.3
29003,MO,"Andrew County, MO",9782,9471,311,3.2,9702,9450,252,2.6,9831,9574,257,2.6,9712,9324,388,4.0,9656,9364,292,3.0
29005,MO,"Atchison County, MO",2848,2749,99,3.5,2761,2694,67,2.4,2680,2586,94,3.5,2715,2606,109,4.0,2655,2569,86,3.2
29007,MO,"Audrain County, MO",11066,10681,385,3.5,10773,10445,328,3.0,10604,10266,338,3.2,10276,9683,593,5.8,10246,9870,376,3.7
29009,MO,"Barry County, MO",15461,14946,515,3.3,15587,15133,454,2.9,15475,14964,511,3.3,15642,14628,1014,6.5,15094,14406,688,4.6
29011,MO,"Barton County, MO",5196,4981,215,4.1,5170,5013,157,3.0,5147,4982,165,3.2,5154,4903,251,4.9,5190,5014,176,3.4
29013,MO,"Bates County, MO",7964,7610,354,4.4,7843,7544,299,3.8,7744,7445,299,3.9,7595,7191,404,5.3,7647,7322,325,4.3
29015,MO,"Benton County, MO",7276,6906,370,5.1,7153,6834,319,4.5,7130,6803,327,4.6,7212,6687,525,7.3,7322,6905,417,5.7
29017,MO,"Bollinger County, MO",5489,5249,240,4.4,5422,5228,194,3.6,5425,5225,200,3.7,5364,5064,300,5.6,5349,5127,222,4.2
29019,MO,"Boone County, MO",97225,94687,2538,2.6,97437,95255,2182,2.2,98120,95904,2216,2.3,95852,91790,4062,4.2,99004,96049,2955,3.0
29021,MO,"Buchanan County, MO",45023,43428,1595,3.5,44287,42992,1295,2.9,44115,42835,1280,2.9,43593,41457,2136,4.9,43329,41689,1640,3.8
29023,MO,"Butler County, MO",18486,17655,831,4.5,18080,17266,814,4.5,17856,17064,792,4.4,18120,16990,1130,6.2,18037,17187,850,4.7
29025,MO,"Caldwell County, MO",4422,4243,179,4.0,4346,4211,135,3.1,4277,4148,129,3.0,4236,4011,225,5.3,4298,4078,220,5.1
29027,MO,"Callaway County, MO",21406,20664,742,3.5,21095,20491,604,2.9,21301,20716,585,2.7,21370,20421,949,4.4,21325,20598,727,3.4
29029,MO,"Camden County, MO",18861,17961,900,4.8,18561,17788,773,4.2,18755,17954,801,4.3,18738,17442,1296,6.9,19270,18315,955,5.0
29031,MO,"Cape Girardeau County, MO",39780,38406,1374,3.5,40179,39093,1086,2.7,40615,39493,1122,2.8,40375,38321,2054,5.1,40445,38992,1453,3.6
29033,MO,"Carroll County, MO",4779,4586,193,4.0,4656,4512,144,3.1,4769,4623,146,3.1,4611,4357,254,5.5,4504,4306,198,4.4
29035,MO,"Carter County, MO",2527,2380,147,5.8,2501,2376,125,5.0,2515,2398,117,4.7,2518,2355,163,6.5,2571,2438,133,5.2
29037,MO,"Cass County, MO",54115,52221,1894,3.5,54177,52536,1641,3.0,54652,53092,1560,2.9,53829,50977,2852,5.3,54398,52278,2120,3.9
29039,MO,"Cedar County, MO",5746,5514,232,4.0,5690,5498,192,3.4,5740,5538,202,3.5,5719,5465,254,4.4,5790,5578,212,3.7
29041,MO,"Chariton County, MO",3845,3713,132,3.4,3759,3655,104,2.8,3691,3586,105,2.8,3735,3585,150,4.0,3743,3620,123,3.3
29043,MO,"Christian County, MO",43117,41787,1330,3.1,43973,42855,1118,2.5,45304,44140,1164,2.6,45608,43392,2216,4.9,46547,45043,1504,3.2
29045,MO,"Clark County, MO",3200,3022,178,5.6,3197,3076,121,3.8,3168,3061,107,3.4,3157,2968,189,6.0,3127,2982,145,4.6
29047,MO,"Clay County, MO",134515,129677,4838,3.6,134674,130804,3870,2.9,136897,133199,3698,2.7,136387,128154,8233,6.0,138370,131555,6815,4.9
29049,MO,"Clinton County, MO",10857,10426,431,4.0,10649,10311,338,3.2,10570,10265,305,2.9,10497,9880,617,5.9,10660,10096,564,5.3
29051,MO,"Cole County, MO",38739,37607,1132,2.9,38420,37480,940,2.4,39011,38059,952,2.4,38765,37065,1700,4.4,38648,37445,1203,3.1
29053,MO,"Cooper County, MO",7448,7178,270,3.6,7408,7182,226,3.1,7403,7142,261,3.5,7155,6767,388,5.4,7080,6824,256,3.6
29055,MO,"Crawford County, MO",10793,10297,496,4.6,10823,10408,415,3.8,10910,10522,388,3.6,10788,10103,685,6.3,10913,10418,495,4.5
29057,MO,"Dade County, MO",3570,3449,121,3.4,3561,3466,95,2.7,3524,3419,105,3.0,3549,3396,153,4.3,3544,3427,117,3.3
29059,MO,"Dallas County, MO",6931,6607,324,4.7,6941,6669,272,3.9,7043,6743,300,4.3,7077,6665,412,5.8,7177,6865,312,4.3
29061,MO,"Daviess County, MO",4068,3934,134,3.3,4028,3909,119,3.0,4070,3941,129,3.2,4105,3933,172,4.2,4103,3948,155,3.8
29063,MO,"DeKalb County, MO",4897,4708,189,3.9,4839,4691,148,3.1,4808,4668,140,2.9,4202,4014,188,4.5,4167,4010,157,3.8
29065,MO,"Dent County, MO",6167,5911,256,4.2,6198,5998,200,3.2,6253,6042,211,3.4,6298,5996,302,4.8,6257,5987,270,4.3
29067,MO,"Douglas County, MO",5062,4830,232,4.6,5054,4831,223,4.4,5063,4821,242,4.8,5134,4745,389,7.6,5162,4941,221,4.3
29069,MO,"Dunklin County, MO",12414,11612,802,6.5,12001,11353,648,5.4,11443,10844,599,5.2,11515,10679,836,7.3,11276,10590,686,6.1
29071,MO,"Franklin County, MO",52365,50476,1889,3.6,52465,50888,1577,3.0,53392,51779,1613,3.0,52536,49318,3218,6.1,52747,50639,2108,4.0
29073,MO,"Gasconade County, MO",7777,7479,298,3.8,7728,7507,221,2.9,7705,7460,245,3.2,7584,7153,431,5.7,7620,7342,278,3.6
29075,MO,"Gentry County, MO",3616,3514,102,2.8,3568,3484,84,2.4,3479,3391,88,2.5,3392,3278,114,3.4,3334,3245,89,2.7
29077,MO,"Greene County, MO",146789,142294,4495,3.1,148104,144367,3737,2.5,150407,146573,3834,2.5,149592,141608,7984,5.3,152184,146978,5206,3.4
29079,MO,"Grundy County, MO",4793,4624,169,3.5,4533,4373,160,3.5,4353,4209,144,3.3,4276,4081,195,4.6,4178,4028,150,3.6
29081,MO,"Harrison County, MO",3913,3776,137,3.5,3837,3722,115,3.0,3777,3657,120,3.2,3786,3615,171,4.5,3761,3629,132,3.5
29083,MO,"Henry County, MO",9880,9476,404,4.1,9772,9428,344,3.5,9668,9326,342,3.5,9644,9080,564,5.8,10059,9661,398,4.0
29085,MO,"Hickory County, MO",3756,3589,167,4.4,3836,3679,157,4.1,3819,3667,152,4.0,3866,3673,193,5.0,3963,3805,158,4.0
29087,MO,"Holt County, MO",2690,2613,77,2.9,2644,2582,62,2.3,2569,2501,68,2.6,2539,2454,85,3.3,2479,2406,73,2.9
29089,MO,"Howard County, MO",5074,4881,193,3.8,4962,4823,139,2.8,4856,4714,142,2.9,4803,4605,198,4.1,4853,4696,157,3.2
29091,MO,"Howell County, MO",15884,15133,751,4.7,16237,15668,569,3.5,16372,15743,629,3.8,16188,15108,1080,6.7,16165,15387,778,4.8
29093,MO,"Iron County, MO",3578,3349,229,6.4,3529,3341,188,5.3,3500,3341,159,4.5,3485,3240,245,7.0,3491,3289,202,5.8
29095,MO,"Jackson County, MO",361856,345971,15885,4.4,358194,344820,13374,3.7,360405,347620,12785,3.5,356700,331092,25608,7.2,359763,340103,19660,5.5
29097,MO,"Jasper County, MO",56730,54827,1903,3.4,56404,54869,1535,2.7,56934,55322,1612,2.8,55788,52632,3156,5.7,56953,54820,2133,3.7
29099,MO,"Jefferson County, MO",116180,112044,4136,3.6,116497,112936,3561,3.1,118605,115151,3454,2.9,116697,109659,7038,6.0,117556,112790,4766,4.1
29101,MO,"Johnson County, MO",23252,22237,1015,4.4,22716,21890,826,3.6,22988,22183,805,3.5,23058,21757,1301,5.6,23074,22060,1014,4.4
29103,MO,"Knox County, MO",1990,1926,64,3.2,1914,1860,54,2.8,1762,1713,49,2.8,1745,1676,69,4.0,1729,1676,53,3.1
29105,MO,"Laclede County, MO",16586,15802,784,4.7,16752,16142,610,3.6,17214,16096,1118,6.5,16704,15346,1358,8.1,16514,15802,712,4.3
29107,MO,"Lafayette County, MO",16959,16322,637,3.8,16718,16182,536,3.2,16700,16213,487,2.9,16498,15638,860,5.2,16674,15963,711,4.3
29109,MO,"Lawrence County, MO",17839,17210,629,3.5,18047,17505,542,3.0,17884,17289,595,3.3,17618,16553,1065,6.0,17457,16752,705,4.0
29111,MO,"Lewis County, MO",5105,4931,174,3.4,5065,4924,141,2.8,4968,4819,149,3.0,4933,4693,240,4.9,4826,4657,169,3.5
29113,MO,"Lincoln County, MO",27343,26367,976,3.6,28087,27192,895,3.2,29094,28193,901,3.1,29023,27257,1766,6.1,29307,27956,1351,4.6
29115,MO,"Linn County, MO",5255,4951,304,5.8,5114,4878,236,4.6,5058,4825,233,4.6,5048,4738,310,6.1,5077,4801,276,5.4
29117,MO,"Livingston County, MO",7453,7235,218,2.9,7490,7307,183,2.4,7317,7141,176,2.4,7289,7019,270,3.7,7256,7037,219,3.0
29119,MO,"McDonald County, MO",10379,10003,376,3.6,10435,10120,315,3.0,10390,10058,332,3.2,10321,9794,527,5.1,10608,10199,409,3.9
29121,MO,"Macon County, MO",7571,7298,273,3.6,7600,7378,222,2.9,7464,7225,239,3.2,7418,7064,354,4.8,7365,7093,272,3.7
29123,MO,"Madison County, MO",5486,5241,245,4.5,5449,5261,188,3.5,5432,5257,175,3.2,5452,5099,353,6.5,5473,5231,242,4.4
29125,MO,"Maries County, MO",3914,3746,168,4.3,3868,3743,125,3.2,3853,3726,127,3.3,3896,3707,189,4.9,3898,3748,150,3.8
29127,MO,"Marion County, MO",14527,14009,518,3.6,14416,13977,439,3.0,14394,13962,432,3.0,14226,13546,680,4.8,14197,13705,492,3.5
29129,MO,"Mercer County, MO",1943,1871,72,3.7,1904,1846,58,3.0,1841,1786,55,3.0,1862,1797,65,3.5,1805,1752,53,2.9
29131,MO,"Miller County, MO",12005,11475,530,4.4,12105,11670,435,3.6,12207,11772,435,3.6,12268,11528,740,6.0,12593,12076,517,4.1
29133,MO,"Mississippi County, MO",6045,5743,302,5.0,5930,5708,222,3.7,5718,5498,220,3.8,5629,5329,300,5.3,5440,5186,254,4.7
29135,MO,"Moniteau County, MO",7353,7088,265,3.6,7272,7059,213,2.9,7310,7107,203,2.8,7100,6796,304,4.3,7049,6810,239,3.4
29137,MO,"Monroe County, MO",4064,3891,173,4.3,3953,3814,139,3.5,3812,3660,152,4.0,3775,3554,221,5.9,3783,3618,165,4.4
29139,MO,"Montgomery County, MO",5647,5463,184,3.3,5682,5520,162,2.9,5703,5533,170,3.0,5706,5427,279,4.9,5788,5573,215,3.7
29141,MO,"Morgan County, MO",7935,7546,389,4.9,7955,7620,335,4.2,8074,7742,332,4.1,8202,7693,509,6.2,8540,8137,403,4.7
29143,MO,"New Madrid County, MO",7993,7469,524,6.6,8016,7642,374,4.7,8159,7827,332,4.1,8397,7910,487,5.8,8326,7930,396,4.8
29145,MO,"Newton County, MO",27314,26321,993,3.6,27024,26217,807,3.0,27049,26210,839,3.1,26580,25048,1532,5.8,27045,26014,1031,3.8
29147,MO,"Nodaway County, MO",10634,10254,380,3.6,10635,10330,305,2.9,10724,10423,301,2.8,10708,10235,473,4.4,10791,10473,318,2.9
29149,MO,"Oregon County, MO",4012,3829,183,4.6,3935,3801,134,3.4,3942,3794,148,3.8,3911,3647,264,6.8,3839,3636,203,5.3
29151,MO,"Osage County, MO",7108,6897,211,3.0,7045,6879,166,2.4,7049,6890,159,2.3,7015,6764,251,3.6,6985,6801,184,2.6
29153,MO,"Ozark County, MO",3564,3358,206,5.8,3437,3263,174,5.1,3411,3225,186,5.5,3463,3214,249,7.2,3442,3254,188,5.5
29155,MO,"Pemiscot County, MO",6551,6065,486,7.4,6303,5964,339,5.4,6291,5993,298,4.7,6258,5760,498,8.0,6078,5633,445,7.3
29157,MO,"Perry County, MO",10101,9834,267,2.6,10159,9926,233,2.3,9980,9731,249,2.5,9809,9269,540,5.5,9781,9471,310,3.2
29159,MO,"Pettis County, MO",20850,19987,863,4.1,20713,19871,842,4.1,20793,20098,695,3.3,20573,19188,1385,6.7,20298,19349,949,4.7
29161,MO,"Phelps County, MO",19678,18947,731,3.7,19642,19046,596,3.0,19639,19030,609,3.1,19727,18792,935,4.7,20030,19284,746,3.7
29163,MO,"Pike County, MO",7925,7653,272,3.4,7662,7390,272,3.5,7472,7222,250,3.3,7458,7059,399,5.3,7382,7092,290,3.9
29165,MO,"Platte County, MO",57596,55769,1827,3.2,57905,56436,1469,2.5,58901,57419,1482,2.5,58753,55594,3159,5.4,59458,57052,2406,4.0
29167,MO,"Polk County, MO",14178,13615,563,4.0,14378,13861,517,3.6,14395,13923,472,3.3,14290,13623,667,4.7,14576,14067,509,3.5
29169,MO,"Pulaski County, MO",14695,14070,625,4.3,14585,14067,518,3.6,14604,14039,565,3.9,14524,13708,816,5.6,14585,13938,647,4.4
29171,MO,"Putnam County, MO",2444,2352,92,3.8,2417,2335,82,3.4,2261,2184,77,3.4,2266,2167,99,4.4,2233,2163,70,3.1
29173,MO,"Ralls County, MO",5642,5467,175,3.1,5606,5451,155,2.8,5660,5493,167,3.0,5612,5363,249,4.4,5602,5412,190,3.4
29175,MO,"Randolph County, MO",10264,9802,462,4.5,10219,9835,384,3.8,10269,9892,377,3.7,10119,9523,596,5.9,10273,9840,433,4.2
29177,MO,"Ray County, MO",11085,10553,532,4.8,10894,10501,393,3.6,10958,10582,376,3.4,10757,10026,731,6.8,10983,10272,711,6.5
29179,MO,"Reynolds County, MO",3126,3005,121,3.9,3028,2935,93,3.1,3007,2902,105,3.5,2922,2759,163,5.6,2936,2815,121,4.1
29181,MO,"Ripley County, MO",5244,4955,289,5.5,5088,4826,262,5.1,4977,4716,261,5.2,5007,4617,390,7.8,5072,4793,279,5.5
29183,MO,"St. Charles County, MO",221708,215396,6312,2.8,224066,218501,5565,2.5,228903,223448,5455,2.4,225229,213631,11598,5.1,227337,219453,7884,3.5
29185,MO,"St. Clair County, MO",3877,3681,196,5.1,3784,3622,162,4.3,3724,3563,161,4.3,3774,3541,233,6.2,3845,3673,172,4.5
29186,MO,"Ste. Genevieve County, MO",9083,8760,323,3.6,9184,8932,252,2.7,9140,8909,231,2.5,9187,8738,449,4.9,9232,8916,316,3.4
29187,MO,"St. Francois County, MO",26707,25545,1162,4.4,26471,25519,952,3.6,26456,25531,925,3.5,26249,24419,1830,7.0,26027,24772,1255,4.8
29189,MO,"St. Louis County, MO",524894,506987,17907,3.4,525291,509836,15455,2.9,531873,516571,15302,2.9,521403,488660,32743,6.3,526087,502408,23679,4.5
29195,MO,"Saline County, MO",10666,10289,377,3.5,10709,10384,325,3.0,10597,10278,319,3.0,10560,10082,478,4.5,10487,10119,368,3.5
29197,MO,"Schuyler County, MO",1955,1861,94,4.8,2008,1927,81,4.0,1957,1876,81,4.1,1898,1788,110,5.8,1845,1765,80,4.3
29199,MO,"Scotland County, MO",2451,2375,76,3.1,2388,2321,67,2.8,2352,2284,68,2.9,2376,2299,77,3.2,2311,2250,61,2.6
29201,MO,"Scott County, MO",20104,19214,890,4.4,20012,19338,674,3.4,19805,19143,662,3.3,19849,18800,1049,5.3,20195,19410,785,3.9
29203,MO,"Shannon County, MO",3279,3082,197,6.0,3232,3074,158,4.9,3223,3055,168,5.2,3344,3103,241,7.2,3366,3177,189,5.6
29205,MO,"Shelby County, MO",3092,2987,105,3.4,3017,2926,91,3.0,3023,2939,84,2.8,3029,2895,134,4.4,2985,2886,99,3.3
29207,MO,"Stoddard County, MO",13221,12557,664,5.0,13062,12493,569,4.4,12993,12415,578,4.4,13185,12417,768,5.8,13325,12730,595,4.5
29209,MO,"Stone County, MO",13816,13055,761,5.5,13699,13067,632,4.6,13813,13165,648,4.7,13148,11898,1250,9.5,13611,12719,892,6.6
29211,MO,"Sullivan County, MO",2752,2641,111,4.0,2793,2706,87,3.1,2653,2565,88,3.3,2752,2634,118,4.3,2650,2521,129,4.9
29213,MO,"Taney County, MO",26929,25309,1620,6.0,26890,25512,1378,5.1,26902,25588,1314,4.9,25960,22689,3271,12.6,26276,24306,1970,7.5
29215,MO,"Texas County, MO",9363,8902,461,4.9,9012,8652,360,4.0,8881,8504,377,4.2,8938,8425,513,5.7,9000,8590,410,4.6
29217,MO,"Vernon County, MO",9643,9278,365,3.8,9551,9255,296,3.1,9398,9085,313,3.3,9390,8980,410,4.4,9422,9101,321,3.4
29219,MO,"Warren County, MO",17561,17002,559,3.2,17736,17248,488,2.8,18459,17958,501,2.7,18539,17492,1047,5.6,18722,17946,776,4.1
29221,MO,"Washington County, MO",10296,9743,553,5.4,10189,9744,445,4.4,10169,9737,432,4.2,10077,9359,718,7.1,10094,9578,516,5.1
29223,MO,"Wayne County, MO",5534,5255,279,5.0,5328,5076,252,4.7,5222,4983,239,4.6,5017,4711,306,6.1,4838,4595,243,5.0
29225,MO,"Webster County, MO",16812,16163,649,3.9,16948,16430,518,3.1,17319,16734,585,3.4,17198,16286,912,5.3,17409,16811,598,3.4
29227,MO,"Worth County, MO",1190,1160,30,2.5,1190,1157,33,2.8,1154,1124,30,2.6,1170,1122,48,4.1,1181,1151,30,2.5
29229,MO,"Wright County, MO",7608,7234,374,4.9,7411,7107,304,4.1,7392,7024,368,5.0,7374,6866,508,6.9,7596,7290,306,4.0
29510,MO,"St. Louis city, MO",153929,147124,6805,4.4,150874,145145,5729,3.8,151947,146380,5567,3.7,150074,137094,12980,8.6,150531,140948,9583,6.4
30001,MT,"Beaverhead County, MT",5079,4919,160,3.2,5080,4921,159,3.1,5180,5025,155,3.0,5088,4888,200,3.9,5141,4999,142,2.8
30003,MT,"Big Horn County, MT",5566,4811,755,13.6,5145,4649,496,9.6,4950,4578,372,7.5,4868,4519,349,7.2,4669,4306,363,7.8
30005,MT,"Blaine County, MT",2368,2269,99,4.2,2317,2216,101,4.4,2315,2223,92,4.0,2271,2164,107,4.7,2237,2151,86,3.8
30007,MT,"Broadwater County, MT",2602,2477,125,4.8,2647,2541,106,4.0,2642,2534,108,4.1,2650,2486,164,6.2,2667,2560,107,4.0
30009,MT,"Carbon County, MT",5535,5331,204,3.7,5522,5326,196,3.5,5539,5342,197,3.6,5638,5310,328,5.8,5662,5468,194,3.4
30011,MT,"Carter County, MT",700,682,18,2.6,672,655,17,2.5,663,644,19,2.9,647,629,18,2.8,650,633,17,2.6
30013,MT,"Cascade County, MT",38001,36554,1447,3.8,38144,36761,1383,3.6,38455,37120,1335,3.5,37907,35719,2188,5.8,37812,36561,1251,3.3
30015,MT,"Chouteau County, MT",2507,2423,84,3.4,2494,2419,75,3.0,2484,2415,69,2.8,2473,2379,94,3.8,2459,2392,67,2.7
30017,MT,"Custer County, MT",6198,6000,198,3.2,6123,5934,189,3.1,6132,5953,179,2.9,6225,5931,294,4.7,6217,6025,192,3.1
30019,MT,"Daniels County, MT",912,891,21,2.3,891,872,19,2.1,894,876,18,2.0,891,866,25,2.8,875,858,17,1.9
30021,MT,"Dawson County, MT",4707,4560,147,3.1,4668,4543,125,2.7,4659,4544,115,2.5,4670,4418,252,5.4,4511,4371,140,3.1
30023,MT,"Deer Lodge County, MT",5168,4981,187,3.6,5172,4987,185,3.6,5132,4964,168,3.3,5073,4820,253,5.0,5094,4928,166,3.3
30025,MT,"Fallon County, MT",1747,1700,47,2.7,1709,1678,31,1.8,1720,1689,31,1.8,1651,1587,64,3.9,1620,1578,42,2.6
30027,MT,"Fergus County, MT",5799,5562,237,4.1,5859,5643,216,3.7,6098,5902,196,3.2,5849,5586,263,4.5,5822,5631,191,3.3
30029,MT,"Flathead County, MT",47092,44581,2511,5.3,48229,45895,2334,4.8,48862,46513,2349,4.8,49750,45934,3816,7.7,51167,49112,2055,4.0
30031,MT,"Gallatin County, MT",64922,63106,1816,2.8,67412,65697,1715,2.5,70059,68422,1637,2.3,70900,67418,3482,4.9,73887,72116,1771,2.4
30033,MT,"Garfield County, MT",765,743,22,2.9,742,722,20,2.7,749,731,18,2.4,746,726,20,2.7,742,723,19,2.6
30035,MT,"Glacier County, MT",5765,5301,464,8.0,5759,5308,451,7.8,5796,5352,444,7.7,5508,4983,525,9.5,5528,5139,389,7.0
30037,MT,"Golden Valley County, MT",376,357,19,5.1,372,355,17,4.6,368,353,15,4.1,365,348,17,4.7,369,356,13,3.5
30039,MT,"Granite County, MT",1629,1532,97,6.0,1708,1617,91,5.3,1724,1626,98,5.7,1601,1473,128,8.0,1620,1548,72,4.4
30041,MT,"Hill County, MT",7843,7541,302,3.9,7742,7466,276,3.6,7775,7483,292,3.8,7611,7241,370,4.9,7543,7308,235,3.1
30043,MT,"Jefferson County, MT",5664,5416,248,4.4,5691,5472,219,3.8,5804,5606,198,3.4,5830,5538,292,5.0,5906,5715,191,3.2
30045,MT,"Judith Basin County, MT",929,894,35,3.8,920,889,31,3.4,993,962,31,3.1,984,938,46,4.7,951,925,26,2.7
30047,MT,"Lake County, MT",13225,12623,602,4.6,13236,12668,568,4.3,13458,12875,583,4.3,13742,12908,834,6.1,14006,13472,534,3.8
30049,MT,"Lewis and Clark County, MT",35477,34234,1243,3.5,35706,34511,1195,3.3,36498,35380,1118,3.1,36742,34955,1787,4.9,37256,36149,1107,3.0
30051,MT,"Liberty County, MT",985,955,30,3.0,968,944,24,2.5,957,932,25,2.6,972,946,26,2.7,983,959,24,2.4
30053,MT,"Lincoln County, MT",7951,7271,680,8.6,8145,7540,605,7.4,8222,7610,612,7.4,8119,7308,811,10.0,8100,7617,483,6.0
30055,MT,"McCone County, MT",1028,1006,22,2.1,975,957,18,1.8,962,943,19,2.0,959,932,27,2.8,968,951,17,1.8
30057,MT,"Madison County, MT",4421,4246,175,4.0,4614,4448,166,3.6,4835,4676,159,3.3,4686,4454,232,5.0,4743,4592,151,3.2
30059,MT,"Meagher County, MT",935,894,41,4.4,964,927,37,3.8,970,936,34,3.5,959,915,44,4.6,988,963,25,2.5
30061,MT,"Mineral County, MT",1698,1569,129,7.6,1734,1609,125,7.2,1792,1688,104,5.8,1788,1609,179,10.0,1871,1772,99,5.3
30063,MT,"Missoula County, MT",62734,60431,2303,3.7,63737,61603,2134,3.3,64851,62715,2136,3.3,64525,60562,3963,6.1,65104,62920,2184,3.4
30065,MT,"Musselshell County, MT",2305,2200,105,4.6,2302,2203,99,4.3,2304,2213,91,3.9,2340,2200,140,6.0,2354,2255,99,4.2
30067,MT,"Park County, MT",8679,8334,345,4.0,8920,8576,344,3.9,9071,8755,316,3.5,9008,8354,654,7.3,9253,8926,327,3.5
30069,MT,"Petroleum County, MT",294,281,13,4.4,284,272,12,4.2,270,260,10,3.7,271,262,9,3.3,271,264,7,2.6
30071,MT,"Phillips County, MT",1904,1816,88,4.6,1920,1833,87,4.5,1901,1829,72,3.8,1896,1805,91,4.8,1852,1782,70,3.8
30073,MT,"Pondera County, MT",2758,2651,107,3.9,2740,2629,111,4.1,2710,2607,103,3.8,2671,2543,128,4.8,2633,2549,84,3.2
30075,MT,"Powder River County, MT",1012,986,26,2.6,976,948,28,2.9,968,945,23,2.4,966,936,30,3.1,977,951,26,2.7
30077,MT,"Powell County, MT",2907,2779,128,4.4,2942,2819,123,4.2,2998,2886,112,3.7,2928,2793,135,4.6,2979,2903,76,2.6
30079,MT,"Prairie County, MT",489,471,18,3.7,491,473,18,3.7,480,462,18,3.8,471,440,31,6.6,494,476,18,3.6
30081,MT,"Ravalli County, MT",19903,18956,947,4.8,20120,19271,849,4.2,20594,19736,858,4.2,20848,19667,1181,5.7,21330,20564,766,3.6
30083,MT,"Richland County, MT",6014,5781,233,3.9,5929,5746,183,3.1,5951,5790,161,2.7,5964,5591,373,6.3,5887,5651,236,4.0
30085,MT,"Roosevelt County, MT",4599,4382,217,4.7,4509,4303,206,4.6,4569,4368,201,4.4,4449,4188,261,5.9,4330,4146,184,4.2
30087,MT,"Rosebud County, MT",4049,3837,212,5.2,3900,3693,207,5.3,3877,3678,199,5.1,3742,3535,207,5.5,3575,3432,143,4.0
30089,MT,"Sanders County, MT",4813,4473,340,7.1,4822,4513,309,6.4,4958,4659,299,6.0,5090,4700,390,7.7,5206,4955,251,4.8
30091,MT,"Sheridan County, MT",1874,1823,51,2.7,1772,1731,41,2.3,1759,1719,40,2.3,1764,1681,83,4.7,1784,1725,59,3.3
30093,MT,"Silver Bow County, MT",17252,16517,735,4.3,17391,16687,704,4.0,17460,16784,676,3.9,17366,16244,1122,6.5,17489,16854,635,3.6
30095,MT,"Stillwater County, MT",4873,4683,190,3.9,4984,4813,171,3.4,5293,5124,169,3.2,5374,5108,266,4.9,5499,5340,159,2.9
30097,MT,"Sweet Grass County, MT",1807,1750,57,3.2,1790,1735,55,3.1,1833,1781,52,2.8,1858,1793,65,3.5,1904,1859,45,2.4
30099,MT,"Teton County, MT",2797,2686,111,4.0,2721,2629,92,3.4,2786,2693,93,3.3,2791,2672,119,4.3,2820,2732,88,3.1
30101,MT,"Toole County, MT",2162,2096,66,3.1,2148,2093,55,2.6,2144,2092,52,2.4,2149,2046,103,4.8,2056,2003,53,2.6
30103,MT,"Treasure County, MT",342,329,13,3.8,336,326,10,3.0,345,335,10,2.9,341,329,12,3.5,346,335,11,3.2
30105,MT,"Valley County, MT",4185,4046,139,3.3,4156,4029,127,3.1,4155,4021,134,3.2,4084,3911,173,4.2,4044,3918,126,3.1
30107,MT,"Wheatland County, MT",789,754,35,4.4,807,767,40,5.0,773,744,29,3.8,762,709,53,7.0,760,720,40,5.3
30109,MT,"Wibaux County, MT",486,470,16,3.3,470,453,17,3.6,460,446,14,3.0,450,428,22,4.9,423,407,16,3.8
30111,MT,"Yellowstone County, MT",81822,78912,2910,3.6,82294,79543,2751,3.3,83093,80365,2728,3.3,83644,79187,4457,5.3,84311,81654,2657,3.2
31001,NE,"Adams County, NE",16775,16249,526,3.1,16738,16242,496,3.0,16973,16434,539,3.2,17032,16364,668,3.9,16942,16539,403,2.4
31003,NE,"Antelope County, NE",3595,3505,90,2.5,3605,3516,89,2.5,3631,3540,91,2.5,3932,3847,85,2.2,3693,3632,61,1.7
31005,NE,"Arthur County, NE",223,210,13,5.8,223,212,11,4.9,231,218,13,5.6,234,222,12,5.1,234,228,6,2.6
31007,NE,"Banner County, NE",393,379,14,3.6,384,370,14,3.6,384,370,14,3.6,392,381,11,2.8,389,381,8,2.1
31009,NE,"Blaine County, NE",264,252,12,4.5,263,251,12,4.6,259,246,13,5.0,255,246,9,3.5,248,242,6,2.4
31011,NE,"Boone County, NE",2956,2883,73,2.5,2942,2875,67,2.3,2994,2913,81,2.7,2954,2882,72,2.4,2964,2916,48,1.6
31013,NE,"Box Butte County, NE",5478,5295,183,3.3,5458,5301,157,2.9,5474,5300,174,3.2,5404,5155,249,4.6,5483,5349,134,2.4
31015,NE,"Boyd County, NE",1089,1052,37,3.4,1087,1054,33,3.0,1090,1054,36,3.3,1057,1028,29,2.7,1040,1019,21,2.0
31017,NE,"Brown County, NE",1415,1368,47,3.3,1403,1355,48,3.4,1414,1363,51,3.6,1422,1384,38,2.7,1436,1403,33,2.3
31019,NE,"Buffalo County, NE",27526,26850,676,2.5,28009,27333,676,2.4,28163,27429,734,2.6,27865,26768,1097,3.9,28178,27617,561,2.0
31021,NE,"Burt County, NE",3537,3406,131,3.7,3500,3379,121,3.5,3537,3418,119,3.4,3594,3458,136,3.8,3680,3590,90,2.4
31023,NE,"Butler County, NE",4606,4476,130,2.8,4594,4484,110,2.4,4673,4552,121,2.6,4624,4470,154,3.3,4707,4605,102,2.2
31025,NE,"Cass County, NE",13289,12864,425,3.2,13465,13051,414,3.1,13691,13230,461,3.4,13474,12899,575,4.3,13554,13192,362,2.7
31027,NE,"Cedar County, NE",4511,4409,102,2.3,4516,4409,107,2.4,4575,4461,114,2.5,4563,4442,121,2.7,4665,4582,83,1.8
31029,NE,"Chase County, NE",2325,2281,44,1.9,2299,2248,51,2.2,2300,2249,51,2.2,2289,2250,39,1.7,2263,2227,36,1.6
31031,NE,"Cherry County, NE",3423,3343,80,2.3,3369,3294,75,2.2,3406,3325,81,2.4,3400,3318,82,2.4,3473,3418,55,1.6
31033,NE,"Cheyenne County, NE",5147,4997,150,2.9,4747,4611,136,2.9,4436,4276,160,3.6,4287,4102,185,4.3,4261,4142,119,2.8
31035,NE,"Clay County, NE",3308,3204,104,3.1,3282,3177,105,3.2,3333,3227,106,3.2,3303,3197,106,3.2,3259,3185,74,2.3
31037,NE,"Colfax County, NE",5651,5513,138,2.4,5647,5508,139,2.5,5650,5498,152,2.7,5676,5516,160,2.8,5728,5619,109,1.9
31039,NE,"Cuming County, NE",4774,4643,131,2.7,4738,4617,121,2.6,4801,4677,124,2.6,4890,4769,121,2.5,4939,4857,82,1.7
31041,NE,"Custer County, NE",6444,6303,141,2.2,6486,6345,141,2.2,6486,6332,154,2.4,6428,6257,171,2.7,6421,6319,102,1.6
31043,NE,"Dakota County, NE",10733,10292,441,4.1,10787,10395,392,3.6,10862,10441,421,3.9,10716,10212,504,4.7,10823,10494,329,3.0
31045,NE,"Dawes County, NE",5210,5066,144,2.8,5071,4934,137,2.7,5044,4901,143,2.8,4985,4850,135,2.7,5020,4925,95,1.9
31047,NE,"Dawson County, NE",13060,12681,379,2.9,13070,12697,373,2.9,13229,12834,395,3.0,13449,13000,449,3.3,13607,13317,290,2.1
31049,NE,"Deuel County, NE",1045,1018,27,2.6,970,941,29,3.0,966,937,29,3.0,967,937,30,3.1,977,956,21,2.1
31051,NE,"Dixon County, NE",3043,2947,96,3.2,3043,2948,95,3.1,3026,2934,92,3.0,2957,2862,95,3.2,2986,2922,64,2.1
31053,NE,"Dodge County, NE",19536,18981,555,2.8,19606,19048,558,2.8,19871,19293,578,2.9,20304,19609,695,3.4,20420,19940,480,2.4
31055,NE,"Douglas County, NE",293773,284301,9472,3.2,297765,288281,9484,3.2,303415,293488,9927,3.3,302384,287388,14996,5.0,303368,294193,9175,3.0
31057,NE,"Dundy County, NE",1192,1163,29,2.4,1162,1136,26,2.2,1166,1137,29,2.5,1168,1143,25,2.1,1171,1152,19,1.6
31059,NE,"Fillmore County, NE",3134,3055,79,2.5,3177,3096,81,2.5,3203,3121,82,2.6,3203,3116,87,2.7,3291,3227,64,1.9
31061,NE,"Franklin County, NE",1490,1445,45,3.0,1488,1442,46,3.1,1499,1450,49,3.3,1480,1431,49,3.3,1505,1472,33,2.2
31063,NE,"Frontier County, NE",1575,1535,40,2.5,1530,1490,40,2.6,1631,1579,52,3.2,1556,1512,44,2.8,1576,1549,27,1.7
31065,NE,"Furnas County, NE",2702,2636,66,2.4,2651,2581,70,2.6,2612,2540,72,2.8,2616,2546,70,2.7,2583,2534,49,1.9
31067,NE,"Gage County, NE",11062,10672,390,3.5,11048,10690,358,3.2,11144,10750,394,3.5,10973,10542,431,3.9,10945,10679,266,2.4
31069,NE,"Garden County, NE",1201,1167,34,2.8,1195,1165,30,2.5,1107,1075,32,2.9,1082,1044,38,3.5,1119,1096,23,2.1
31071,NE,"Garfield County, NE",1168,1137,31,2.7,1176,1147,29,2.5,1163,1132,31,2.7,1162,1139,23,2.0,1151,1128,23,2.0
31073,NE,"Gosper County, NE",1055,1026,29,2.7,1069,1041,28,2.6,1112,1083,29,2.6,1113,1085,28,2.5,1211,1191,20,1.7
31075,NE,"Grant County, NE",443,433,10,2.3,423,412,11,2.6,414,403,11,2.7,420,412,8,1.9,428,422,6,1.4
31077,NE,"Greeley County, NE",1232,1194,38,3.1,1224,1191,33,2.7,1238,1201,37,3.0,1240,1204,36,2.9,1240,1217,23,1.9
31079,NE,"Hall County, NE",31887,30781,1106,3.5,32203,31159,1044,3.2,32296,31164,1132,3.5,32215,30403,1812,5.6,32501,31559,942,2.9
31081,NE,"Hamilton County, NE",4725,4605,120,2.5,4793,4672,121,2.5,4865,4719,146,3.0,4778,4604,174,3.6,4856,4754,102,2.1
31083,NE,"Harlan County, NE",1789,1743,46,2.6,1789,1746,43,2.4,1800,1750,50,2.8,1753,1704,49,2.8,1797,1763,34,1.9
31085,NE,"Hayes County, NE",577,563,14,2.4,605,592,13,2.1,624,608,16,2.6,634,620,14,2.2,617,609,8,1.3
31087,NE,"Hitchcock County, NE",1274,1230,44,3.5,1268,1224,44,3.5,1273,1231,42,3.3,1322,1277,45,3.4,1325,1295,30,2.3
31089,NE,"Holt County, NE",5805,5662,143,2.5,5802,5651,151,2.6,5800,5651,149,2.6,5771,5632,139,2.4,5736,5636,100,1.7
31091,NE,"Hooker County, NE",399,384,15,3.8,405,390,15,3.7,423,411,12,2.8,410,399,11,2.7,430,423,7,1.6
31093,NE,"Howard County, NE",3349,3246,103,3.1,3387,3282,105,3.1,3408,3288,120,3.5,3403,3258,145,4.3,3439,3364,75,2.2
31095,NE,"Jefferson County, NE",4235,4131,104,2.5,4197,4090,107,2.5,4194,4080,114,2.7,4236,4123,113,2.7,4230,4155,75,1.8
31097,NE,"Johnson County, NE",2095,2023,72,3.4,2095,2019,76,3.6,2085,2014,71,3.4,2078,1998,80,3.8,2014,1956,58,2.9
31099,NE,"Kearney County, NE",3791,3706,85,2.2,3795,3715,80,2.1,3832,3746,86,2.2,3842,3721,121,3.1,3843,3775,68,1.8
31101,NE,"Keith County, NE",4633,4491,142,3.1,4594,4453,141,3.1,4664,4513,151,3.2,4667,4521,146,3.1,4685,4590,95,2.0
31103,NE,"Keya Paha County, NE",612,597,15,2.5,600,587,13,2.2,593,578,15,2.5,585,572,13,2.2,590,580,10,1.7
31105,NE,"Kimball County, NE",1991,1934,57,2.9,2040,1984,56,2.7,2051,1990,61,3.0,1986,1917,69,3.5,1960,1916,44,2.2
31107,NE,"Knox County, NE",4734,4569,165,3.5,4680,4533,147,3.1,4661,4522,139,3.0,4689,4551,138,2.9,4735,4638,97,2.0
31109,NE,"Lancaster County, NE",172124,167501,4623,2.7,176561,171912,4649,2.6,179477,174514,4963,2.8,178390,171029,7361,4.1,178631,174272,4359,2.4
31111,NE,"Lincoln County, NE",18625,18051,574,3.1,18486,17919,567,3.1,18536,17900,636,3.4,18536,17821,715,3.9,18596,18187,409,2.2
31113,NE,"Logan County, NE",475,462,13,2.7,470,456,14,3.0,478,464,14,2.9,476,464,12,2.5,471,463,8,1.7
31115,NE,"Loup County, NE",402,390,12,3.0,402,389,13,3.2,420,403,17,4.0,409,396,13,3.2,400,392,8,2.0
31117,NE,"McPherson County, NE",456,446,10,2.2,447,435,12,2.7,450,439,11,2.4,443,432,11,2.5,433,426,7,1.6
31119,NE,"Madison County, NE",19434,18918,516,2.7,19668,19160,508,2.6,20060,19503,557,2.8,19813,19073,740,3.7,20079,19598,481,2.4
31121,NE,"Merrick County, NE",4092,3977,115,2.8,4041,3925,116,2.9,4089,3958,131,3.2,4082,3925,157,3.8,4148,4051,97,2.3
31123,NE,"Morrill County, NE",2631,2552,79,3.0,2610,2538,72,2.8,2635,2560,75,2.8,2639,2547,92,3.5,2641,2576,65,2.5
31125,NE,"Nance County, NE",2037,1986,51,2.5,2031,1981,50,2.5,2007,1946,61,3.0,1975,1913,62,3.1,1972,1934,38,1.9
31127,NE,"Nemaha County, NE",3637,3494,143,3.9,3648,3520,128,3.5,3667,3534,133,3.6,3625,3498,127,3.5,3662,3581,81,2.2
31129,NE,"Nuckolls County, NE",2383,2319,64,2.7,2403,2337,66,2.7,2424,2358,66,2.7,2478,2412,66,2.7,2501,2455,46,1.8
31131,NE,"Otoe County, NE",8232,7954,278,3.4,8244,8003,241,2.9,8512,8242,270,3.2,8451,8157,294,3.5,8597,8399,198,2.3
31133,NE,"Pawnee County, NE",1517,1471,46,3.0,1488,1449,39,2.6,1493,1451,42,2.8,1503,1463,40,2.7,1529,1501,28,1.8
31135,NE,"Perkins County, NE",1823,1788,35,1.9,1837,1801,36,2.0,1839,1798,41,2.2,1861,1828,33,1.8,1874,1848,26,1.4
31137,NE,"Phelps County, NE",4950,4834,116,2.3,4937,4823,114,2.3,5033,4901,132,2.6,5011,4866,145,2.9,4972,4885,87,1.7
31139,NE,"Pierce County, NE",4155,4041,114,2.7,4140,4029,111,2.7,4149,4038,111,2.7,4176,4044,132,3.2,4193,4104,89,2.1
31141,NE,"Platte County, NE",17406,16900,506,2.9,17592,17111,481,2.7,17898,17376,522,2.9,17945,17295,650,3.6,18327,17934,393,2.1
31143,NE,"Polk County, NE",2919,2849,70,2.4,2924,2853,71,2.4,2956,2874,82,2.8,2947,2860,87,3.0,2951,2896,55,1.9
31145,NE,"Red Willow County, NE",5894,5743,151,2.6,5892,5749,143,2.4,5921,5761,160,2.7,5886,5700,186,3.2,5869,5752,117,2.0
31147,NE,"Richardson County, NE",4251,4111,140,3.3,4281,4149,132,3.1,4292,4156,136,3.2,4239,4104,135,3.2,4294,4192,102,2.4
31149,NE,"Rock County, NE",913,889,24,2.6,896,874,22,2.5,881,854,27,3.1,889,871,18,2.0,890,878,12,1.3
31151,NE,"Saline County, NE",7463,7231,232,3.1,7504,7273,231,3.1,7475,7232,243,3.3,7376,7116,260,3.5,7302,7134,168,2.3
31153,NE,"Sarpy County, NE",94047,91389,2658,2.8,95959,93301,2658,2.8,98488,95644,2844,2.9,97907,93989,3918,4.0,98538,96195,2343,2.4
31155,NE,"Saunders County, NE",10937,10627,310,2.8,11122,10806,316,2.8,11376,11060,316,2.8,11383,10977,406,3.6,11484,11229,255,2.2
31157,NE,"Scotts Bluff County, NE",18557,17913,644,3.5,18586,17969,617,3.3,18475,17796,679,3.7,18278,17534,744,4.1,18154,17654,500,2.8
31159,NE,"Seward County, NE",8695,8458,237,2.7,8890,8653,237,2.7,8985,8721,264,2.9,8847,8492,355,4.0,8854,8636,218,2.5
31161,NE,"Sheridan County, NE",2739,2666,73,2.7,2705,2635,70,2.6,2708,2634,74,2.7,2735,2671,64,2.3,2755,2705,50,1.8
31163,NE,"Sherman County, NE",1709,1659,50,2.9,1711,1665,46,2.7,1696,1641,55,3.2,1678,1626,52,3.1,1701,1666,35,2.1
31165,NE,"Sioux County, NE",762,739,23,3.0,749,729,20,2.7,751,730,21,2.8,767,750,17,2.2,770,756,14,1.8
31167,NE,"Stanton County, NE",3509,3409,100,2.8,3516,3427,89,2.5,3551,3460,91,2.6,3556,3441,115,3.2,3620,3544,76,2.1
31169,NE,"Thayer County, NE",2889,2823,66,2.3,2882,2816,66,2.3,2815,2742,73,2.6,2790,2715,75,2.7,2690,2644,46,1.7
31171,NE,"Thomas County, NE",440,426,14,3.2,441,428,13,2.9,432,416,16,3.7,430,413,17,4.0,430,419,11,2.6
31173,NE,"Thurston County, NE",3042,2889,153,5.0,3006,2881,125,4.2,3082,2943,139,4.5,3125,2967,158,5.1,3195,3088,107,3.3
31175,NE,"Valley County, NE",2130,2073,57,2.7,2102,2040,62,2.9,2154,2085,69,3.2,2142,2082,60,2.8,2119,2075,44,2.1
31177,NE,"Washington County, NE",11248,10895,353,3.1,11219,10895,324,2.9,11370,11040,330,2.9,11268,10865,403,3.6,11364,11102,262,2.3
31179,NE,"Wayne County, NE",5706,5568,138,2.4,5747,5603,144,2.5,5832,5680,152,2.6,5715,5557,158,2.8,5737,5627,110,1.9
31181,NE,"Webster County, NE",1678,1628,50,3.0,1662,1614,48,2.9,1691,1633,58,3.4,1663,1602,61,3.7,1660,1626,34,2.0
31183,NE,"Wheeler County, NE",589,576,13,2.2,579,565,14,2.4,573,558,15,2.6,569,559,10,1.8,563,556,7,1.2
31185,NE,"York County, NE",7395,7204,191,2.6,7378,7188,190,2.6,7384,7189,195,2.6,7327,7086,241,3.3,7338,7195,143,1.9
32001,NV,"Churchill County, NV",10445,9978,467,4.5,10945,10528,417,3.8,11065,10663,402,3.6,11045,10411,634,5.7,11230,10839,391,3.5
32003,NV,"Clark County, NV",1060593,1005370,55223,5.2,1093988,1043615,50373,4.6,1131564,1084237,47327,4.2,1104388,932852,171536,15.5,1100264,1009020,91244,8.3
32005,NV,"Douglas County, NV",22201,21131,1070,4.8,22747,21798,949,4.2,23218,22283,935,4.0,22104,20130,1974,8.9,22047,21046,1001,4.5
32007,NV,"Elko County, NV",26567,25588,979,3.7,27260,26419,841,3.1,27322,26491,831,3.0,26086,24551,1535,5.9,25803,24939,864,3.3
32009,NV,"Esmeralda County, NV",481,461,20,4.2,421,400,21,5.0,460,443,17,3.7,417,395,22,5.3,426,410,16,3.8
32011,NV,"Eureka County, NV",1036,1005,31,3.0,1086,1059,27,2.5,1099,1072,27,2.5,1019,983,36,3.5,1053,1026,27,2.6
32013,NV,"Humboldt County, NV",7987,7648,339,4.2,8005,7739,266,3.3,8336,8089,247,3.0,8005,7603,402,5.0,8158,7879,279,3.4
32015,NV,"Lander County, NV",3085,2945,140,4.5,3121,3012,109,3.5,3235,3131,104,3.2,3128,2974,154,4.9,3180,3066,114,3.6
32017,NV,"Lincoln County, NV",1997,1902,95,4.8,2049,1961,88,4.3,2136,2051,85,4.0,2025,1922,103,5.1,2151,2078,73,3.4
32019,NV,"Lyon County, NV",21479,20190,1289,6.0,22172,20999,1173,5.3,23210,22069,1141,4.9,22635,20617,2018,8.9,23425,22197,1228,5.2
32021,NV,"Mineral County, NV",1963,1856,107,5.5,1956,1856,100,5.1,2087,2004,83,4.0,2107,1985,122,5.8,2078,1999,79,3.8
32023,NV,"Nye County, NV",15988,14962,1026,6.4,16581,15659,922,5.6,17305,16391,914,5.3,17371,15604,1767,10.2,17290,16230,1060,6.1
32027,NV,"Pershing County, NV",2520,2404,116,4.6,2561,2458,103,4.0,2608,2503,105,4.0,2559,2436,123,4.8,2633,2539,94,3.6
32029,NV,"Storey County, NV",1898,1803,95,5.0,1977,1893,84,4.2,2054,1975,79,3.8,2009,1838,171,8.5,2050,1955,95,4.6
32031,NV,"Washoe County, NV",236461,226656,9805,4.1,247905,239242,8663,3.5,255215,246719,8496,3.3,247852,227627,20225,8.2,252682,241797,10885,4.3
32033,NV,"White Pine County, NV",4424,4244,180,4.1,4546,4385,161,3.5,4672,4530,142,3.0,4542,4350,192,4.2,4628,4487,141,3.0
32510,NV,"Carson City, NV",25143,23882,1261,5.0,25512,24349,1163,4.6,26185,25124,1061,4.1,25557,23362,2195,8.6,25665,24434,1231,4.8
33001,NH,"Belknap County, NH",31267,30407,860,2.8,31463,30638,825,2.6,31696,30879,817,2.6,30922,28750,2172,7.0,31024,29882,1142,3.7
33003,NH,"Carroll County, NH",23675,23019,656,2.8,23854,23226,628,2.6,24085,23461,624,2.6,22990,21209,1781,7.7,23067,22185,882,3.8
33005,NH,"Cheshire County, NH",41174,40065,1109,2.7,40992,39910,1082,2.6,40867,39780,1087,2.7,39589,37126,2463,6.2,39426,37904,1522,3.9
33007,NH,"Coos County, NH",14540,14020,520,3.6,14686,14197,489,3.3,14774,14296,478,3.2,14229,13091,1138,8.0,14322,13689,633,4.4
33009,NH,"Grafton County, NH",49540,48412,1128,2.3,49679,48600,1079,2.2,49782,48658,1124,2.3,47865,45034,2831,5.9,48491,46882,1609,3.3
33011,NH,"Hillsborough County, NH",235223,228253,6970,3.0,239623,233073,6550,2.7,243727,237190,6537,2.7,239777,222896,16881,7.0,237144,228610,8534,3.6
33013,NH,"Merrimack County, NH",82459,80429,2030,2.5,83502,81575,1927,2.3,84141,82202,1939,2.3,82373,77539,4834,5.9,81221,78615,2606,3.2
33015,NH,"Rockingham County, NH",184018,178435,5583,3.0,186485,181129,5356,2.9,189328,184075,5253,2.8,185899,172685,13214,7.1,185013,178612,6401,3.5
33017,NH,"Strafford County, NH",72879,71060,1819,2.5,74034,72271,1763,2.4,74807,73011,1796,2.4,73209,68574,4635,6.3,72806,70416,2390,3.3
33019,NH,"Sullivan County, NH",23357,22818,539,2.3,23308,22794,514,2.2,23259,22715,544,2.3,22917,21664,1253,5.5,22909,22147,762,3.3
34001,NJ,"Atlantic County, NJ",122687,113992,8695,7.1,123520,116516,7004,5.7,126175,120115,6060,4.8,124180,102874,21306,17.2,123181,111516,11665,9.5
34003,NJ,"Bergen County, NJ",492960,474208,18752,3.8,493894,477681,16213,3.3,502366,488445,13921,2.8,494483,448791,45692,9.2,493303,463475,29828,6.0
34005,NJ,"Burlington County, NJ",237722,228177,9545,4.0,236181,227635,8546,3.6,240664,233163,7501,3.1,239256,220269,18987,7.9,242242,229429,12813,5.3
34007,NJ,"Camden County, NJ",261449,248410,13039,5.0,259479,247900,11579,4.5,263710,253535,10175,3.9,264683,238958,25725,9.7,266839,248814,18025,6.8
34009,NJ,"Cape May County, NJ",47648,43332,4316,9.1,47243,43385,3858,8.2,47702,44433,3269,6.9,45776,39544,6232,13.6,47377,43177,4200,8.9
34011,NJ,"Cumberland County, NJ",67532,62922,4610,6.8,67059,62889,4170,6.2,67882,64344,3538,5.2,68560,61463,7097,10.4,68943,63655,5288,7.7
34013,NJ,"Essex County, NJ",381045,359991,21054,5.5,379747,360905,18842,5.0,385558,369214,16344,4.2,387319,343539,43780,11.3,385997,355103,30894,8.0
34015,NJ,"Gloucester County, NJ",154014,146898,7116,4.6,153473,147232,6241,4.1,156379,150907,5472,3.5,156923,142899,14024,8.9,158303,148799,9504,6.0
34017,NJ,"Hudson County, NJ",373519,357634,15885,4.3,370381,356625,13756,3.7,376163,364450,11713,3.1,373057,334859,38198,10.2,371044,345672,25372,6.8
34019,NJ,"Hunterdon County, NJ",65868,63591,2277,3.5,66234,64187,2047,3.1,67383,65629,1754,2.6,65783,61218,4565,6.9,66384,63356,3028,4.6
34021,NJ,"Mercer County, NJ",204042,195887,8155,4.0,206705,199513,7192,3.5,211808,205453,6355,3.0,211423,196139,15284,7.2,212752,201755,10997,5.2
34023,NJ,"Middlesex County, NJ",452408,434331,18077,4.0,450549,434819,15730,3.5,456287,442757,13530,3.0,447472,409364,38108,8.5,453161,427204,25957,5.7
34025,NJ,"Monmouth County, NJ",336172,322602,13570,4.0,337138,325256,11882,3.5,341980,331651,10329,3.0,336908,308005,28903,8.6,340535,321712,18823,5.5
34027,NJ,"Morris County, NJ",264364,254986,9378,3.5,263758,255505,8253,3.1,267542,260411,7131,2.7,261110,241500,19610,7.5,262719,249661,13058,5.0
34029,NJ,"Ocean County, NJ",277823,264758,13065,4.7,282342,270779,11563,4.1,289829,279736,10093,3.5,289421,263021,26400,9.1,292150,274713,17437,6.0
34031,NJ,"Passaic County, NJ",250172,236165,14007,5.6,248727,236540,12187,4.9,252768,242385,10383,4.1,253121,222250,30871,12.2,250345,229429,20916,8.4
34033,NJ,"Salem County, NJ",30191,28370,1821,6.0,29880,28308,1572,5.3,30422,29024,1398,4.6,30482,27661,2821,9.3,30386,28158,2228,7.3
34035,NJ,"Somerset County, NJ",176740,170185,6555,3.7,176026,170228,5798,3.3,178277,173194,5083,2.9,174041,160966,13075,7.5,175249,166372,8877,5.1
34037,NJ,"Sussex County, NJ",75942,72659,3283,4.3,75983,73110,2873,3.8,77275,74754,2521,3.3,76156,69247,6909,9.1,76170,71642,4528,5.9
34039,NJ,"Union County, NJ",285104,271857,13247,4.6,284367,272640,11727,4.1,288467,278358,10109,3.5,285238,257873,27365,9.6,285486,266463,19023,6.7
34041,NJ,"Warren County, NJ",57554,55197,2357,4.1,57090,54966,2124,3.7,58065,56211,1854,3.2,57556,52839,4717,8.2,58523,55292,3231,5.5
35001,NM,"Bernalillo County, NM",332042,314092,17950,5.4,332444,317570,14874,4.5,336903,321688,15215,4.5,328702,303245,25457,7.7,334378,313598,20780,6.2
35003,NM,"Catron County, NM",1176,1095,81,6.9,1128,1056,72,6.4,1147,1074,73,6.4,1145,1063,82,7.2,1182,1109,73,6.2
35005,NM,"Chaves County, NM",27762,25999,1763,6.4,27404,26085,1319,4.8,27597,26235,1362,4.9,27617,25452,2165,7.8,27776,25813,1963,7.1
35006,NM,"Cibola County, NM",9206,8501,705,7.7,9012,8455,557,6.2,9080,8503,577,6.4,8968,8168,800,8.9,8875,8050,825,9.3
35007,NM,"Colfax County, NM",5751,5411,340,5.9,5551,5282,269,4.8,5559,5297,262,4.7,5098,4747,351,6.9,5645,5313,332,5.9
35009,NM,"Curry County, NM",22524,21457,1067,4.7,21811,20941,870,4.0,21869,20955,914,4.2,21910,20749,1161,5.3,22066,20979,1087,4.9
35011,NM,"De Baca County, NM",857,818,39,4.6,772,738,34,4.4,797,763,34,4.3,694,662,32,4.6,682,647,35,5.1
35013,NM,"Dona Ana County, NM",96802,90304,6498,6.7,97423,91928,5495,5.6,98941,93228,5713,5.8,96941,89187,7754,8.0,98170,91648,6522,6.6
35015,NM,"Eddy County, NM",29475,27954,1521,5.2,31861,30809,1052,3.3,34843,33748,1095,3.1,33054,30859,2195,6.6,31522,29501,2021,6.4
35017,NM,"Grant County, NM",12379,11635,744,6.0,12413,11818,595,4.8,12335,11738,597,4.8,11784,10764,1020,8.7,11457,10626,831,7.3
35019,NM,"Guadalupe County, NM",1661,1554,107,6.4,1636,1547,89,5.4,1581,1497,84,5.3,1493,1395,98,6.6,1634,1520,114,7.0
35021,NM,"Harding County, NM",284,267,17,6.0,281,266,15,5.3,270,258,12,4.4,276,265,11,4.0,281,268,13,4.6
35023,NM,"Hidalgo County, NM",2154,2045,109,5.1,2233,2149,84,3.8,2107,2016,91,4.3,1913,1805,108,5.6,1888,1786,102,5.4
35025,NM,"Lea County, NM",28133,26313,1820,6.5,30274,29031,1243,4.1,31555,30278,1277,4.0,29081,25974,3107,10.7,27957,25280,2677,9.6
35027,NM,"Lincoln County, NM",8806,8327,479,5.4,8800,8402,398,4.5,9093,8669,424,4.7,8679,7925,754,8.7,8843,8183,660,7.5
35028,NM,"Los Alamos County, NM",9221,8871,350,3.8,9192,8882,310,3.4,9657,9345,312,3.2,9788,9432,356,3.6,10035,9737,298,3.0
35029,NM,"Luna County, NM",10657,9178,1479,13.9,10238,9034,1204,11.8,10474,9182,1292,12.3,10185,8590,1595,15.7,9989,8471,1518,15.2
35031,NM,"McKinley County, NM",24556,22468,2088,8.5,24046,22354,1692,7.0,24444,22710,1734,7.1,23613,21250,2363,10.0,23454,21209,2245,9.6
35033,NM,"Mora County, NM",2232,2057,175,7.8,2298,2159,139,6.0,2240,2103,137,6.1,2032,1873,159,7.8,1998,1874,124,6.2
35035,NM,"Otero County, NM",25216,23695,1521,6.0,24918,23702,1216,4.9,25142,23878,1264,5.0,25226,23181,2045,8.1,25093,23434,1659,6.6
35037,NM,"Quay County, NM",3289,3089,200,6.1,3242,3088,154,4.8,3248,3076,172,5.3,3035,2816,219,7.2,2956,2747,209,7.1
35039,NM,"Rio Arriba County, NM",16973,15902,1071,6.3,16776,15910,866,5.2,16921,16015,906,5.4,16483,15191,1292,7.8,16592,15424,1168,7.0
35041,NM,"Roosevelt County, NM",8082,7667,415,5.1,7900,7559,341,4.3,7936,7577,359,4.5,7824,7358,466,6.0,7904,7465,439,5.6
35043,NM,"Sandoval County, NM",65261,61293,3968,6.1,66225,62980,3245,4.9,67742,64430,3312,4.9,66586,61164,5422,8.1,67732,63252,4480,6.6
35045,NM,"San Juan County, NM",54555,50494,4061,7.4,52750,49735,3015,5.7,52486,49450,3036,5.8,50020,45217,4803,9.6,49527,45550,3977,8.0
35047,NM,"San Miguel County, NM",11091,10279,812,7.3,11020,10373,647,5.9,10883,10246,637,5.9,10429,9602,827,7.9,10367,9609,758,7.3
35049,NM,"Santa Fe County, NM",74245,70515,3730,5.0,74861,71783,3078,4.1,74486,71439,3047,4.1,71037,65447,5590,7.9,72572,68094,4478,6.2
35051,NM,"Sierra County, NM",4214,3890,324,7.7,4130,3844,286,6.9,3957,3689,268,6.8,4068,3704,364,8.9,4074,3742,332,8.1
35053,NM,"Socorro County, NM",6669,6248,421,6.3,6506,6166,340,5.2,6515,6131,384,5.9,6157,5736,421,6.8,6166,5777,389,6.3
35055,NM,"Taos County, NM",15246,14057,1189,7.8,15143,14167,976,6.4,15355,14420,935,6.1,14705,13068,1637,11.1,14663,13352,1311,8.9
35057,NM,"Torrance County, NM",5644,5167,477,8.5,5663,5235,428,7.6,5707,5316,391,6.9,5322,4835,487,9.2,5412,4986,426,7.9
35059,NM,"Union County, NM",1933,1861,72,3.7,1800,1741,59,3.3,1874,1809,65,3.5,1628,1547,81,5.0,1572,1506,66,4.2
35061,NM,"Valencia County, NM",30485,28486,1999,6.6,30621,28970,1651,5.4,31059,29386,1673,5.4,30216,27838,2378,7.9,30901,28782,2119,6.9
36001,NY,"Albany County, NY",161093,154316,6777,4.2,160911,154984,5927,3.7,161065,155432,5633,3.5,159064,148104,10960,6.9,156527,149645,6882,4.4
36003,NY,"Allegany County, NY",20060,18740,1320,6.6,19896,18789,1107,5.6,19698,18658,1040,5.3,19388,17886,1502,7.7,19042,18098,944,5.0
36005,NY,"Bronx County, NY",632929,593962,38967,6.2,629681,594200,35481,5.6,629583,596668,32915,5.2,617657,517592,100065,16.2,606729,524483,82246,13.6
36007,NY,"Broome County, NY",86101,81335,4766,5.5,85937,81778,4159,4.8,85371,81493,3878,4.5,83341,76405,6936,8.3,81423,77161,4262,5.2
36009,NY,"Cattaraugus County, NY",34913,32764,2149,6.2,34768,32926,1842,5.3,34487,32811,1676,4.9,33626,30565,3061,9.1,32847,31107,1740,5.3
36011,NY,"Cayuga County, NY",36537,34715,1822,5.0,36748,35118,1630,4.4,36697,35190,1507,4.1,36024,33290,2734,7.6,35130,33473,1657,4.7
36013,NY,"Chautauqua County, NY",56459,53096,3363,6.0,55948,53150,2798,5.0,55486,52973,2513,4.5,53821,49233,4588,8.5,52786,49847,2939,5.6
36015,NY,"Chemung County, NY",36329,34337,1992,5.5,36111,34451,1660,4.6,35984,34542,1442,4.0,35912,32893,3019,8.4,34549,32734,1815,5.3
36017,NY,"Chenango County, NY",22745,21537,1208,5.3,22803,21748,1055,4.6,22423,21464,959,4.3,22117,20650,1467,6.6,21630,20678,952,4.4
36019,NY,"Clinton County, NY",36810,34880,1930,5.2,37046,35431,1615,4.4,37029,35474,1555,4.2,36090,33328,2762,7.7,35269,33639,1630,4.6
36021,NY,"Columbia County, NY",31685,30493,1192,3.8,31928,30872,1056,3.3,31865,30883,982,3.1,30869,29034,1835,5.9,30238,29085,1153,3.8
36023,NY,"Cortland County, NY",23380,22035,1345,5.8,23343,22161,1182,5.1,23442,22343,1099,4.7,22779,21027,1752,7.7,22100,20978,1122,5.1
36025,NY,"Delaware County, NY",19313,18252,1061,5.5,19485,18547,938,4.8,19445,18565,880,4.5,18957,17637,1320,7.0,18914,18042,872,4.6
36027,NY,"Dutchess County, NY",145985,139767,6218,4.3,146721,141342,5379,3.7,148184,143053,5131,3.5,144551,133963,10588,7.3,142246,135918,6328,4.4
36029,NY,"Erie County, NY",452441,429193,23248,5.1,451624,431796,19828,4.4,452537,434058,18479,4.1,445070,404444,40626,9.1,435588,411823,23765,5.5
36031,NY,"Essex County, NY",17481,16531,950,5.4,17412,16575,837,4.8,17389,16603,786,4.5,16852,15526,1326,7.9,16744,15955,789,4.7
36033,NY,"Franklin County, NY",20110,18901,1209,6.0,20017,18995,1022,5.1,19954,19006,948,4.8,19443,17898,1545,7.9,19114,18211,903,4.7
36035,NY,"Fulton County, NY",23587,22235,1352,5.7,23298,22117,1181,5.1,23063,21947,1116,4.8,22899,21009,1890,8.3,22353,21121,1232,5.5
36037,NY,"Genesee County, NY",30078,28650,1428,4.7,30368,29111,1257,4.1,30415,29270,1145,3.8,29514,27427,2087,7.1,29268,28024,1244,4.3
36039,NY,"Greene County, NY",20887,19807,1080,5.2,21055,20102,953,4.5,20699,19809,890,4.3,20564,18925,1639,8.0,20305,19302,1003,4.9
36041,NY,"Hamilton County, NY",2359,2186,173,7.3,2337,2178,159,6.8,2266,2136,130,5.7,2192,2023,169,7.7,2210,2112,98,4.4
36043,NY,"Herkimer County, NY",28541,26923,1618,5.7,28390,27001,1389,4.9,28556,27209,1347,4.7,27973,25770,2203,7.9,27514,25918,1596,5.8
36045,NY,"Jefferson County, NY",45820,42859,2961,6.5,45439,42923,2516,5.5,44902,42496,2406,5.4,44090,40387,3703,8.4,43765,41564,2201,5.0
36047,NY,"Kings County, NY",1264625,1206327,58298,4.6,1261337,1208420,52917,4.2,1263500,1213528,49972,4.0,1210703,1057917,152786,12.6,1193447,1072663,120784,10.1
36049,NY,"Lewis County, NY",11812,11034,778,6.6,11870,11215,655,5.5,11847,11216,631,5.3,11607,10741,866,7.5,11534,10955,579,5.0
36051,NY,"Livingston County, NY",31205,29646,1559,5.0,31348,30001,1347,4.3,31397,30117,1280,4.1,30254,28189,2065,6.8,29821,28533,1288,4.3
36053,NY,"Madison County, NY",32984,31177,1807,5.5,33358,31773,1585,4.8,33637,32187,1450,4.3,32945,30462,2483,7.5,32206,30749,1457,4.5
36055,NY,"Monroe County, NY",368701,350616,18085,4.9,369758,354079,15679,4.2,370549,355735,14814,4.0,365713,335839,29874,8.2,360379,341760,18619,5.2
36057,NY,"Montgomery County, NY",22942,21638,1304,5.7,22905,21730,1175,5.1,22776,21663,1113,4.9,22442,20553,1889,8.4,21900,20661,1239,5.7
36059,NY,"Nassau County, NY",719512,690355,29157,4.1,721744,696501,25243,3.5,727084,703155,23929,3.3,710248,653335,56913,8.0,708286,676654,31632,4.5
36061,NY,"New York County, NY",958723,920354,38369,4.0,959905,924960,34945,3.6,970004,937012,32992,3.4,902268,815372,86896,9.6,894457,826846,67611,7.6
36063,NY,"Niagara County, NY",101274,95048,6226,6.1,101154,95896,5258,5.2,100833,96034,4799,4.8,99206,89223,9983,10.1,96212,90759,5453,5.7
36065,NY,"Oneida County, NY",103660,98506,5154,5.0,103077,98517,4560,4.4,103906,99643,4263,4.1,102413,94429,7984,7.8,100177,95112,5065,5.1
36067,NY,"Onondaga County, NY",223790,213395,10395,4.6,224527,215593,8934,4.0,225329,216807,8522,3.8,224224,206289,17935,8.0,219876,209099,10777,4.9
36069,NY,"Ontario County, NY",55853,53365,2488,4.5,56567,54359,2208,3.9,56803,54688,2115,3.7,55699,51828,3871,6.9,54962,52622,2340,4.3
36071,NY,"Orange County, NY",184071,175754,8317,4.5,187500,180244,7256,3.9,191494,184535,6959,3.6,186598,171729,14869,8.0,183818,175160,8658,4.7
36073,NY,"Orleans County, NY",17847,16800,1047,5.9,17910,17029,881,4.9,17924,17110,814,4.5,17354,15957,1397,8.1,16976,16100,876,5.2
36075,NY,"Oswego County, NY",53681,50231,3450,6.4,53863,50939,2924,5.4,53874,51056,2818,5.2,52954,48386,4568,8.6,51853,48999,2854,5.5
36077,NY,"Otsego County, NY",28539,27119,1420,5.0,28636,27397,1239,4.3,28559,27394,1165,4.1,27071,25196,1875,6.9,26786,25595,1191,4.4
36079,NY,"Putnam County, NY",51807,49642,2165,4.2,52172,50259,1913,3.7,52312,50452,1860,3.6,51204,47520,3684,7.2,50366,48268,2098,4.2
36081,NY,"Queens County, NY",1212317,1164592,47725,3.9,1198967,1156122,42845,3.6,1199264,1158834,40430,3.4,1150966,1005557,145409,12.6,1127854,1019350,108504,9.6
36083,NY,"Rensselaer County, NY",82480,78844,3636,4.4,82929,79721,3208,3.9,83012,80006,3006,3.6,81921,76421,5500,6.7,80735,77206,3529,4.4
36085,NY,"Richmond County, NY",230331,219832,10499,4.6,233890,224382,9508,4.1,236515,227662,8853,3.7,223073,199333,23740,10.6,221184,201965,19219,8.7
36087,NY,"Rockland County, NY",156380,149629,6751,4.3,157770,151936,5834,3.7,159539,154087,5452,3.4,155842,143862,11980,7.7,153829,147064,6765,4.4
36089,NY,"St. Lawrence County, NY",44110,41187,2923,6.6,44306,41841,2465,5.6,44082,41723,2359,5.4,43703,40266,3437,7.9,42919,40730,2189,5.1
36091,NY,"Saratoga County, NY",120478,115722,4756,3.9,121671,117408,4263,3.5,122162,118200,3962,3.2,121388,113590,7798,6.4,119267,114754,4513,3.8
36093,NY,"Schenectady County, NY",77313,73869,3444,4.5,77799,74695,3104,4.0,78157,75277,2880,3.7,78220,72204,6016,7.7,76733,72958,3775,4.9
36095,NY,"Schoharie County, NY",14936,14123,813,5.4,14935,14219,716,4.8,14999,14329,670,4.5,14783,13774,1009,6.8,14511,13852,659,4.5
36097,NY,"Schuyler County, NY",8363,7881,482,5.8,8401,7974,427,5.1,8254,7887,367,4.4,8180,7500,680,8.3,8046,7649,397,4.9
36099,NY,"Seneca County, NY",16370,15631,739,4.5,16437,15807,630,3.8,16324,15722,602,3.7,15516,14305,1211,7.8,15025,14317,708,4.7
36101,NY,"Steuben County, NY",43455,40984,2471,5.7,43522,41388,2134,4.9,43490,41579,1911,4.4,42654,39303,3351,7.9,41448,39389,2059,5.0
36103,NY,"Suffolk County, NY",791045,755844,35201,4.4,793197,762913,30284,3.8,797446,769100,28346,3.6,778961,715866,63095,8.1,776355,740989,35366,4.6
36105,NY,"Sullivan County, NY",34938,33233,1705,4.9,36701,35203,1498,4.1,37452,36028,1424,3.8,36460,33409,3051,8.4,36118,34350,1768,4.9
36107,NY,"Tioga County, NY",23168,21984,1184,5.1,23359,22344,1015,4.3,23191,22267,924,4.0,22528,20836,1692,7.5,21974,21005,969,4.4
36109,NY,"Tompkins County, NY",50839,48645,2194,4.3,51090,49252,1838,3.6,50428,48664,1764,3.5,49514,46632,2882,5.8,48914,47093,1821,3.7
36111,NY,"Ulster County, NY",89679,85621,4058,4.5,90161,86660,3501,3.9,89833,86588,3245,3.6,87421,80700,6721,7.7,86356,82332,4024,4.7
36113,NY,"Warren County, NY",32434,30733,1701,5.2,32202,30712,1490,4.6,31907,30502,1405,4.4,31372,28821,2551,8.1,31045,29531,1514,4.9
36115,NY,"Washington County, NY",28646,27325,1321,4.6,28536,27356,1180,4.1,28525,27411,1114,3.9,27578,25668,1910,6.9,27402,26147,1255,4.6
36117,NY,"Wayne County, NY",44470,42273,2197,4.9,44711,42870,1841,4.1,44937,43203,1734,3.9,43562,40462,3100,7.1,42847,40936,1911,4.5
36119,NY,"Westchester County, NY",489676,467736,21940,4.5,492401,473384,19017,3.9,497594,479626,17968,3.6,485745,446883,38862,8.0,480109,457009,23100,4.8
36121,NY,"Wyoming County, NY",18237,17220,1017,5.6,18352,17508,844,4.6,18522,17742,780,4.2,18181,16866,1315,7.2,17916,17115,801,4.5
36123,NY,"Yates County, NY",11838,11322,516,4.4,12036,11585,451,3.7,12208,11771,437,3.6,11777,11039,738,6.3,11527,11089,438,3.8
37001,NC,"Alamance County, NC",78810,75458,3352,4.3,79720,76663,3057,3.8,81719,78642,3077,3.8,78921,73409,5512,7.0,81009,77122,3887,4.8
37003,NC,"Alexander County, NC",17718,17073,645,3.6,17692,17121,571,3.2,17812,17231,581,3.3,17127,15874,1253,7.3,17283,16553,730,4.2
37005,NC,"Alleghany County, NC",4301,4083,218,5.1,4253,4058,195,4.6,4351,4149,202,4.6,4105,3814,291,7.1,4224,4029,195,4.6
37007,NC,"Anson County, NC",10377,9841,536,5.2,10271,9807,464,4.5,10626,10192,434,4.1,10100,9351,749,7.4,10111,9469,642,6.3
37009,NC,"Ashe County, NC",12483,11970,513,4.1,12521,12063,458,3.7,12759,12297,462,3.6,12245,11501,744,6.1,12614,12113,501,4.0
37011,NC,"Avery County, NC",7530,7208,322,4.3,7491,7213,278,3.7,7461,7189,272,3.6,7095,6660,435,6.1,7380,7089,291,3.9
37013,NC,"Beaufort County, NC",19708,18712,996,5.1,19405,18499,906,4.7,19384,18512,872,4.5,18841,17684,1157,6.1,19472,18537,935,4.8
37015,NC,"Bertie County, NC",7966,7495,471,5.9,7726,7340,386,5.0,7742,7381,361,4.7,7377,6922,455,6.2,7203,6778,425,5.9
37017,NC,"Bladen County, NC",14219,13389,830,5.8,14177,13418,759,5.4,14440,13766,674,4.7,14056,13069,987,7.0,14223,13397,826,5.8
37019,NC,"Brunswick County, NC",50612,47744,2868,5.7,52434,49625,2809,5.4,54152,51350,2802,5.2,51779,47353,4426,8.5,54167,50920,3247,6.0
37021,NC,"Buncombe County, NC",134657,130012,4645,3.4,137044,132876,4168,3.0,139527,135391,4136,3.0,133508,122736,10772,8.1,136123,130418,5705,4.2
37023,NC,"Burke County, NC",39923,38249,1674,4.2,40264,38784,1480,3.7,40428,38941,1487,3.7,38606,35905,2701,7.0,39264,37481,1783,4.5
37025,NC,"Cabarrus County, NC",103213,98929,4284,4.2,105577,101702,3875,3.7,109018,105158,3860,3.5,107171,99996,7175,6.7,109654,104845,4809,4.4
37027,NC,"Caldwell County, NC",35997,34392,1605,4.5,35882,34479,1403,3.9,36080,34642,1438,4.0,34593,31936,2657,7.7,35073,33340,1733,4.9
37029,NC,"Camden County, NC",4660,4457,203,4.4,4640,4464,176,3.8,4666,4491,175,3.8,4446,4208,238,5.4,4514,4336,178,3.9
37031,NC,"Carteret County, NC",31480,30080,1400,4.4,31440,30060,1380,4.4,31819,30527,1292,4.1,30331,28486,1845,6.1,31149,29867,1282,4.1
37033,NC,"Caswell County, NC",9630,9175,455,4.7,9690,9257,433,4.5,9776,9345,431,4.4,9390,8684,706,7.5,9473,8970,503,5.3
37035,NC,"Catawba County, NC",77535,74314,3221,4.2,77563,74780,2783,3.6,78173,75402,2771,3.5,75769,69884,5885,7.8,76433,72869,3564,4.7
37037,NC,"Chatham County, NC",33681,32374,1307,3.9,34613,33426,1187,3.4,35904,34710,1194,3.3,34968,33157,1811,5.2,36405,35108,1297,3.6
37039,NC,"Cherokee County, NC",11015,10467,548,5.0,11112,10608,504,4.5,11122,10633,489,4.4,10654,9832,822,7.7,10592,10066,526,5.0
37041,NC,"Chowan County, NC",5520,5228,292,5.3,5506,5258,248,4.5,5500,5250,250,4.5,5301,4987,314,5.9,5510,5238,272,4.9
37043,NC,"Clay County, NC",3896,3702,194,5.0,4066,3886,180,4.4,4114,3931,183,4.4,3973,3687,286,7.2,3970,3775,195,4.9
37045,NC,"Cleveland County, NC",46812,44647,2165,4.6,47220,45326,1894,4.0,48241,46361,1880,3.9,47102,43522,3580,7.6,47667,45132,2535,5.3
37047,NC,"Columbus County, NC",21973,20772,1201,5.5,22055,20940,1115,5.1,22583,21485,1098,4.9,21929,20209,1720,7.8,22400,20994,1406,6.3
37049,NC,"Craven County, NC",41162,39252,1910,4.6,40942,39187,1755,4.3,41296,39649,1647,4.0,39827,37305,2522,6.3,40693,38789,1904,4.7
37051,NC,"Cumberland County, NC",125896,118662,7234,5.7,125817,119228,6589,5.2,126870,120485,6385,5.0,123636,112350,11286,9.1,125305,116685,8620,6.9
37053,NC,"Currituck County, NC",13388,12806,582,4.3,13800,13300,500,3.6,14205,13707,498,3.5,14055,13214,841,6.0,14215,13632,583,4.1
37055,NC,"Dare County, NC",19824,18659,1165,5.9,19681,18663,1018,5.2,19897,18976,921,4.6,19102,17258,1844,9.7,19631,18462,1169,6.0
37057,NC,"Davidson County, NC",78497,75125,3372,4.3,79268,76323,2945,3.7,80389,77477,2912,3.6,77645,72340,5305,6.8,79091,75503,3588,4.5
37059,NC,"Davie County, NC",20057,19257,800,4.0,20252,19545,707,3.5,20457,19772,685,3.3,19763,18470,1293,6.5,20130,19269,861,4.3
37061,NC,"Duplin County, NC",25093,23873,1220,4.9,24688,23611,1077,4.4,25166,24172,994,3.9,24090,22781,1309,5.4,24263,23200,1063,4.4
37063,NC,"Durham County, NC",162911,156312,6599,4.1,166378,160424,5954,3.6,171887,166108,5779,3.4,169356,158846,10510,6.2,174877,167710,7167,4.1
37065,NC,"Edgecombe County, NC",21633,19967,1666,7.7,21198,19728,1470,6.9,20774,19559,1215,5.8,19974,17928,2046,10.2,20260,18531,1729,8.5
37067,NC,"Forsyth County, NC",182173,174208,7965,4.4,184272,177103,7169,3.9,187105,180207,6898,3.7,180183,167293,12890,7.2,183512,174514,8998,4.9
37069,NC,"Franklin County, NC",29683,28297,1386,4.7,30330,29087,1243,4.1,31266,30015,1251,4.0,30757,28746,2011,6.5,32086,30577,1509,4.7
37071,NC,"Gaston County, NC",106267,101356,4911,4.6,107538,103251,4287,4.0,109230,105028,4202,3.8,106773,98492,8281,7.8,108927,103270,5657,5.2
37073,NC,"Gates County, NC",5205,4975,230,4.4,5243,5030,213,4.1,5256,5048,208,4.0,4881,4610,271,5.6,4963,4749,214,4.3
37075,NC,"Graham County, NC",3084,2874,210,6.8,3137,2952,185,5.9,3206,3036,170,5.3,2986,2698,288,9.6,3022,2814,208,6.9
37077,NC,"Granville County, NC",29597,28467,1130,3.8,29547,28526,1021,3.5,29958,28964,994,3.3,28903,27275,1628,5.6,29541,28364,1177,4.0
37079,NC,"Greene County, NC",9414,8997,417,4.4,9398,9032,366,3.9,9504,9155,349,3.7,9230,8726,504,5.5,9364,8980,384,4.1
37081,NC,"Guilford County, NC",257106,244858,12248,4.8,258386,247437,10949,4.2,260702,250142,10560,4.1,252260,231469,20791,8.2,254780,240484,14296,5.6
37083,NC,"Halifax County, NC",20276,18799,1477,7.3,19900,18677,1223,6.1,20235,19106,1129,5.6,19419,17699,1720,8.9,19179,17747,1432,7.5
37085,NC,"Harnett County, NC",51830,49181,2649,5.1,52138,49659,2479,4.8,52927,50521,2406,4.5,51556,47823,3733,7.2,52943,50144,2799,5.3
37087,NC,"Haywood County, NC",28538,27389,1149,4.0,29236,28229,1007,3.4,29685,28690,995,3.4,28092,26047,2045,7.3,28887,27662,1225,4.2
37089,NC,"Henderson County, NC",52744,50731,2013,3.8,53756,51978,1778,3.3,54613,52832,1781,3.3,51335,47904,3431,6.7,53037,50879,2158,4.1
37091,NC,"Hertford County, NC",9056,8535,521,5.8,8999,8539,460,5.1,9133,8672,461,5.0,8703,8120,583,6.7,8518,7962,556,6.5
37093,NC,"Hoke County, NC",19635,18502,1133,5.8,19826,18814,1012,5.1,19974,18999,975,4.9,19476,17863,1613,8.3,19848,18568,1280,6.4
37095,NC,"Hyde County, NC",2070,1896,174,8.4,1986,1822,164,8.3,1905,1744,161,8.5,1748,1572,176,10.1,1767,1652,115,6.5
37097,NC,"Iredell County, NC",85272,81647,3625,4.3,86622,83431,3191,3.7,89008,85823,3185,3.6,87687,81501,6186,7.1,89608,85477,4131,4.6
37099,NC,"Jackson County, NC",18795,17897,898,4.8,19278,18460,818,4.2,19778,18968,810,4.1,19162,17750,1412,7.4,19488,18611,877,4.5
37101,NC,"Johnston County, NC",93067,89198,3869,4.2,96031,92477,3554,3.7,99162,95569,3593,3.6,97630,91691,5939,6.1,101800,97527,4273,4.2
37103,NC,"Jones County, NC",4345,4152,193,4.4,4320,4136,184,4.3,4278,4114,164,3.8,4051,3827,224,5.5,4155,3979,176,4.2
37105,NC,"Lee County, NC",26199,24857,1342,5.1,26132,24975,1157,4.4,25938,24796,1142,4.4,25149,23192,1957,7.8,25322,23956,1366,5.4
37107,NC,"Lenoir County, NC",27615,26385,1230,4.5,27477,26384,1093,4.0,27764,26733,1031,3.7,26729,25135,1594,6.0,26890,25558,1332,5.0
37109,NC,"Lincoln County, NC",41318,39652,1666,4.0,42041,40563,1478,3.5,43625,42104,1521,3.5,42749,40040,2709,6.3,43823,42039,1784,4.1
37111,NC,"McDowell County, NC",20675,19837,838,4.1,20819,20102,717,3.4,20717,19939,778,3.8,19929,18581,1348,6.8,19903,19006,897,4.5
37113,NC,"Macon County, NC",15015,14317,698,4.6,15141,14536,605,4.0,15514,14918,596,3.8,14970,13993,977,6.5,15285,14641,644,4.2
37115,NC,"Madison County, NC",9826,9408,418,4.3,9928,9562,366,3.7,10020,9660,360,3.6,9298,8675,623,6.7,9623,9212,411,4.3
37117,NC,"Martin County, NC",9452,8922,530,5.6,9157,8695,462,5.0,8982,8541,441,4.9,8623,8047,576,6.7,8617,8140,477,5.5
37119,NC,"Mecklenburg County, NC",592050,566533,25517,4.3,602435,579347,23088,3.8,616052,593752,22300,3.6,606285,561076,45209,7.5,618847,588559,30288,4.9
37121,NC,"Mitchell County, NC",6011,5698,313,5.2,5942,5672,270,4.5,6013,5743,270,4.5,5744,5311,433,7.5,5928,5623,305,5.1
37123,NC,"Montgomery County, NC",11585,11057,528,4.6,11370,10909,461,4.1,11479,11031,448,3.9,10973,10264,709,6.5,11014,10499,515,4.7
37125,NC,"Moore County, NC",39306,37545,1761,4.5,40500,38928,1572,3.9,41780,40190,1590,3.8,39542,36751,2791,7.1,40161,38325,1836,4.6
37127,NC,"Nash County, NC",43047,40453,2594,6.0,42785,40576,2209,5.2,42802,40772,2030,4.7,41405,38076,3329,8.0,42040,39381,2659,6.3
37129,NC,"New Hanover County, NC",117713,112848,4865,4.1,119528,114909,4619,3.9,121836,117493,4343,3.6,118291,109989,8302,7.0,122709,117512,5197,4.2
37131,NC,"Northampton County, NC",7634,7158,476,6.2,7529,7140,389,5.2,7695,7307,388,5.0,7214,6701,513,7.1,7178,6731,447,6.2
37133,NC,"Onslow County, NC",63638,60298,3340,5.2,63422,60323,3099,4.9,63985,61077,2908,4.5,62806,58361,4445,7.1,65070,61732,3338,5.1
37135,NC,"Orange County, NC",75573,72716,2857,3.8,76517,73979,2538,3.3,79350,76734,2616,3.3,76310,72369,3941,5.2,79254,76516,2738,3.5
37137,NC,"Pamlico County, NC",5311,5066,245,4.6,5249,5029,220,4.2,5344,5146,198,3.7,5156,4878,278,5.4,5296,5069,227,4.3
37139,NC,"Pasquotank County, NC",17108,16162,946,5.5,16780,15969,811,4.8,16657,15903,754,4.5,16085,14941,1144,7.1,16273,15397,876,5.4
37141,NC,"Pender County, NC",27574,26298,1276,4.6,27857,26682,1175,4.2,28528,27410,1118,3.9,27830,26077,1753,6.3,29066,27841,1225,4.2
37143,NC,"Perquimans County, NC",5065,4779,286,5.6,4954,4712,242,4.9,4934,4693,241,4.9,4729,4417,312,6.6,4824,4568,256,5.3
37145,NC,"Person County, NC",17768,16940,828,4.7,17904,17149,755,4.2,18237,17482,755,4.1,17853,16597,1256,7.0,18428,17515,913,5.0
37147,NC,"Pitt County, NC",88029,83743,4286,4.9,88288,84456,3832,4.3,88857,85148,3709,4.2,85632,80018,5614,6.6,87237,82839,4398,5.0
37149,NC,"Polk County, NC",8791,8425,366,4.2,8824,8485,339,3.8,9031,8697,334,3.7,8719,8192,527,6.0,9029,8607,422,4.7
37151,NC,"Randolph County, NC",65678,62804,2874,4.4,65157,62663,2494,3.8,65518,63074,2444,3.7,62845,58373,4472,7.1,63631,60655,2976,4.7
37153,NC,"Richmond County, NC",16475,15484,991,6.0,16316,15413,903,5.5,16536,15687,849,5.1,16160,14727,1433,8.9,16248,15059,1189,7.3
37155,NC,"Robeson County, NC",49475,46252,3223,6.5,49014,46101,2913,5.9,49865,47249,2616,5.2,48256,44128,4128,8.6,48147,44504,3643,7.6
37157,NC,"Rockingham County, NC",39989,37913,2076,5.2,39547,37711,1836,4.6,39735,38011,1724,4.3,38146,35071,3075,8.1,38593,36458,2135,5.5
37159,NC,"Rowan County, NC",63830,60827,3003,4.7,64071,61473,2598,4.1,65031,62431,2600,4.0,63077,58194,4883,7.7,64309,61070,3239,5.0
37161,NC,"Rutherford County, NC",24243,22771,1472,6.1,24445,23182,1263,5.2,25059,23855,1204,4.8,23751,21603,2148,9.0,24050,22494,1556,6.5
37163,NC,"Sampson County, NC",28986,27606,1380,4.8,28869,27693,1176,4.1,29174,28085,1089,3.7,27558,25999,1559,5.7,27818,26567,1251,4.5
37165,NC,"Scotland County, NC",11340,10469,871,7.7,11317,10476,841,7.4,11409,10671,738,6.5,11008,9722,1286,11.7,11096,10041,1055,9.5
37167,NC,"Stanly County, NC",29347,28135,1212,4.1,29445,28372,1073,3.6,30102,29004,1098,3.6,28880,27112,1768,6.1,29425,28141,1284,4.4
37169,NC,"Stokes County, NC",21330,20426,904,4.2,21281,20494,787,3.7,21500,20740,760,3.5,20523,19248,1275,6.2,20998,20112,886,4.2
37171,NC,"Surry County, NC",33130,31747,1383,4.2,33554,32357,1197,3.6,33707,32502,1205,3.6,31730,29615,2115,6.7,32011,30618,1393,4.4
37173,NC,"Swain County, NC",6747,6405,342,5.1,6822,6525,297,4.4,6980,6708,272,3.9,6745,6188,557,8.3,6833,6525,308,4.5
37175,NC,"Transylvania County, NC",14013,13409,604,4.3,14084,13545,539,3.8,14573,14042,531,3.6,13757,12938,819,6.0,14101,13524,577,4.1
37177,NC,"Tyrrell County, NC",1474,1361,113,7.7,1456,1364,92,6.3,1411,1328,83,5.9,1234,1122,112,9.1,1283,1193,90,7.0
37179,NC,"Union County, NC",117423,112714,4709,4.0,119890,115634,4256,3.5,122955,118712,4243,3.5,119383,112507,6876,5.8,122890,118088,4802,3.9
37181,NC,"Vance County, NC",17638,16542,1096,6.2,17175,16165,1010,5.9,17237,16259,978,5.7,16542,14921,1621,9.8,16724,15401,1323,7.9
37183,NC,"Wake County, NC",565217,543121,22096,3.9,577250,557244,20006,3.5,587185,567415,19770,3.4,572430,536715,35715,6.2,594675,571029,23646,4.0
37185,NC,"Warren County, NC",6729,6268,461,6.9,6468,6076,392,6.1,6519,6154,365,5.6,6322,5721,601,9.5,6437,5941,496,7.7
37187,NC,"Washington County, NC",4702,4392,310,6.6,4554,4280,274,6.0,4432,4181,251,5.7,4249,3914,335,7.9,4273,3977,296,6.9
37189,NC,"Watauga County, NC",28163,27018,1145,4.1,28498,27484,1014,3.6,29244,28244,1000,3.4,27087,25442,1645,6.1,28395,27356,1039,3.7
37191,NC,"Wayne County, NC",52644,49994,2650,5.0,51835,49569,2266,4.4,51478,49392,2086,4.1,49707,46620,3087,6.2,50451,47916,2535,5.0
37193,NC,"Wilkes County, NC",30477,29179,1298,4.3,29728,28593,1135,3.8,29115,27964,1151,4.0,27476,25654,1822,6.6,27164,25885,1279,4.7
37195,NC,"Wilson County, NC",35457,32894,2563,7.2,34789,32614,2175,6.3,34705,32741,1964,5.7,33578,30693,2885,8.6,33434,31183,2251,6.7
37197,NC,"Yadkin County, NC",17443,16755,688,3.9,17375,16779,596,3.4,17580,16983,597,3.4,16849,15687,1162,6.9,17084,16362,722,4.2
37199,NC,"Yancey County, NC",7321,6987,334,4.6,8130,7833,297,3.7,8369,8061,308,3.7,7920,7410,510,6.4,7992,7649,343,4.3
38001,ND,"Adams County, ND",1130,1102,28,2.5,1083,1063,20,1.8,1061,1041,20,1.9,1011,973,38,3.8,967,934,33,3.4
38003,ND,"Barnes County, ND",5489,5338,151,2.8,5328,5198,130,2.4,5265,5122,143,2.7,5211,5010,201,3.9,5273,5111,162,3.1
38005,ND,"Benson County, ND",2420,2333,87,3.6,2340,2257,83,3.5,2324,2236,88,3.8,2321,2163,158,6.8,2300,2186,114,5.0
38007,ND,"Billings County, ND",445,432,13,2.9,432,421,11,2.5,446,436,10,2.2,439,423,16,3.6,444,431,13,2.9
38009,ND,"Bottineau County, ND",3150,3046,104,3.3,3040,2948,92,3.0,3004,2914,90,3.0,2985,2825,160,5.4,2976,2834,142,4.8
38011,ND,"Bowman County, ND",1777,1746,31,1.7,1668,1640,28,1.7,1742,1716,26,1.5,1635,1580,55,3.4,1581,1542,39,2.5
38013,ND,"Burke County, ND",1105,1071,34,3.1,1090,1067,23,2.1,1082,1060,22,2.0,1039,984,55,5.3,1046,1001,45,4.3
38015,ND,"Burleigh County, ND",51110,49873,1237,2.4,50278,49074,1204,2.4,50590,49491,1099,2.2,51298,49088,2210,4.3,51696,50080,1616,3.1
38017,ND,"Cass County, ND",103174,101011,2163,2.1,104079,101921,2158,2.1,105410,103482,1928,1.8,106255,101632,4623,4.4,107219,104116,3103,2.9
38019,ND,"Cavalier County, ND",2082,2027,55,2.6,2008,1960,48,2.4,1919,1871,48,2.5,1915,1849,66,3.4,1870,1812,58,3.1
38021,ND,"Dickey County, ND",2540,2496,44,1.7,2440,2400,40,1.6,2344,2304,40,1.7,2316,2240,76,3.3,2265,2204,61,2.7
38023,ND,"Divide County, ND",1604,1578,26,1.6,1555,1537,18,1.2,1480,1461,19,1.3,1445,1399,46,3.2,1434,1399,35,2.4
38025,ND,"Dunn County, ND",3204,3136,68,2.1,3102,3056,46,1.5,3277,3229,48,1.5,3162,3016,146,4.6,3096,2994,102,3.3
38027,ND,"Eddy County, ND",1286,1226,60,4.7,1261,1203,58,4.6,1236,1188,48,3.9,1206,1150,56,4.6,1188,1141,47,4.0
38029,ND,"Emmons County, ND",1569,1507,62,4.0,1504,1438,66,4.4,1456,1402,54,3.7,1494,1422,72,4.8,1490,1421,69,4.6
38031,ND,"Foster County, ND",1678,1637,41,2.4,1620,1581,39,2.4,1539,1501,38,2.5,1562,1508,54,3.5,1510,1468,42,2.8
38033,ND,"Golden Valley County, ND",945,926,19,2.0,901,885,16,1.8,853,839,14,1.6,865,838,27,3.1,838,815,23,2.7
38035,ND,"Grand Forks County, ND",39456,38594,862,2.2,38582,37794,788,2.0,38062,37357,705,1.9,37296,35591,1705,4.6,37114,35926,1188,3.2
38037,ND,"Grant County, ND",1295,1257,38,2.9,1228,1198,30,2.4,1199,1175,24,2.0,1202,1169,33,2.7,1233,1200,33,2.7
38039,ND,"Griggs County, ND",1137,1105,32,2.8,1071,1049,22,2.1,1042,1019,23,2.2,1027,996,31,3.0,1026,997,29,2.8
38041,ND,"Hettinger County, ND",1493,1465,28,1.9,1426,1399,27,1.9,1403,1379,24,1.7,1398,1342,56,4.0,1392,1347,45,3.2
38043,ND,"Kidder County, ND",1380,1331,49,3.6,1318,1265,53,4.0,1286,1240,46,3.6,1301,1235,66,5.1,1319,1251,68,5.2
38045,ND,"LaMoure County, ND",2297,2254,43,1.9,2154,2116,38,1.8,2091,2052,39,1.9,2071,2016,55,2.7,2043,1997,46,2.3
38047,ND,"Logan County, ND",957,933,24,2.5,910,890,20,2.2,874,856,18,2.1,864,836,28,3.2,863,837,26,3.0
38049,ND,"McHenry County, ND",3332,3191,141,4.2,3171,3056,115,3.6,3112,3013,99,3.2,3122,2953,169,5.4,3135,2999,136,4.3
38051,ND,"McIntosh County, ND",1240,1208,32,2.6,1164,1136,28,2.4,1122,1091,31,2.8,1102,1066,36,3.3,1093,1055,38,3.5
38053,ND,"McKenzie County, ND",8256,8052,204,2.5,9232,9090,142,1.5,10619,10466,153,1.4,9537,8811,726,7.6,8620,8144,476,5.5
38055,ND,"McLean County, ND",5073,4914,159,3.1,4831,4685,146,3.0,4783,4647,136,2.8,4850,4632,218,4.5,4698,4525,173,3.7
38057,ND,"Mercer County, ND",4497,4318,179,4.0,4003,3849,154,3.8,3683,3546,137,3.7,3653,3443,210,5.7,3670,3498,172,4.7
38059,ND,"Morton County, ND",16837,16321,516,3.1,16607,16114,493,3.0,16719,16273,446,2.7,16964,16112,852,5.0,17062,16409,653,3.8
38061,ND,"Mountrail County, ND",7094,6950,144,2.0,7208,7105,103,1.4,7532,7438,94,1.2,6941,6579,362,5.2,6486,6259,227,3.5
38063,ND,"Nelson County, ND",1507,1461,46,3.1,1434,1391,43,3.0,1409,1369,40,2.8,1403,1340,63,4.5,1395,1343,52,3.7
38065,ND,"Oliver County, ND",924,886,38,4.1,892,859,33,3.7,885,855,30,3.4,875,830,45,5.1,873,840,33,3.8
38067,ND,"Pembina County, ND",3563,3415,148,4.2,3427,3303,124,3.6,3377,3274,103,3.1,3405,3215,190,5.6,3327,3166,161,4.8
38069,ND,"Pierce County, ND",1905,1845,60,3.1,1803,1750,53,2.9,1742,1692,50,2.9,1715,1642,73,4.3,1681,1624,57,3.4
38071,ND,"Ramsey County, ND",5935,5776,159,2.7,5754,5605,149,2.6,5734,5583,151,2.6,5754,5499,255,4.4,5730,5543,187,3.3
38073,ND,"Ransom County, ND",2850,2795,55,1.9,2880,2830,50,1.7,2864,2819,45,1.6,2898,2782,116,4.0,2696,2627,69,2.6
38075,ND,"Renville County, ND",1286,1253,33,2.6,1240,1213,27,2.2,1228,1201,27,2.2,1235,1174,61,4.9,1201,1160,41,3.4
38077,ND,"Richland County, ND",8921,8710,211,2.4,8868,8658,210,2.4,8774,8589,185,2.1,8656,8325,331,3.8,8669,8431,238,2.7
38079,ND,"Rolette County, ND",4880,4380,500,10.2,4737,4329,408,8.6,4662,4317,345,7.4,4804,4154,650,13.5,4780,4271,509,10.6
38081,ND,"Sargent County, ND",2412,2364,48,2.0,2596,2552,44,1.7,2725,2681,44,1.6,2813,2694,119,4.2,2386,2322,64,2.7
38083,ND,"Sheridan County, ND",742,709,33,4.4,697,668,29,4.2,683,656,27,4.0,683,643,40,5.9,661,626,35,5.3
38085,ND,"Sioux County, ND",1308,1260,48,3.7,1266,1219,47,3.7,1224,1182,42,3.4,1200,1152,48,4.0,1213,1170,43,3.5
38087,ND,"Slope County, ND",432,424,8,1.9,406,398,8,2.0,398,390,8,2.0,395,383,12,3.0,356,346,10,2.8
38089,ND,"Stark County, ND",18205,17719,486,2.7,18586,18179,407,2.2,19056,18709,347,1.8,18471,17132,1339,7.2,17518,16695,823,4.7
38091,ND,"Steele County, ND",1070,1052,18,1.7,1020,1001,19,1.9,997,979,18,1.8,963,935,28,2.9,932,904,28,3.0
38093,ND,"Stutsman County, ND",11091,10832,259,2.3,10748,10505,243,2.3,10541,10324,217,2.1,10575,10209,366,3.5,10389,10077,312,3.0
38095,ND,"Towner County, ND",1260,1229,31,2.5,1209,1181,28,2.3,1160,1131,29,2.5,1159,1126,33,2.8,1138,1101,37,3.3
38097,ND,"Traill County, ND",4646,4533,113,2.4,4521,4413,108,2.4,4473,4368,105,2.3,4483,4322,161,3.6,4439,4304,135,3.0
38099,ND,"Walsh County, ND",5652,5463,189,3.3,5381,5227,154,2.9,5239,5086,153,2.9,5187,4953,234,4.5,5274,5032,242,4.6
38101,ND,"Ward County, ND",32935,31874,1061,3.2,32455,31611,844,2.6,32372,31649,723,2.2,32163,30237,1926,6.0,31812,30452,1360,4.3
38103,ND,"Wells County, ND",2169,2099,70,3.2,2022,1965,57,2.8,1919,1866,53,2.8,1918,1835,83,4.3,1896,1816,80,4.2
38105,ND,"Williams County, ND",23024,22450,574,2.5,24189,23748,441,1.8,25155,24741,414,1.6,23314,21042,2272,9.7,20877,19473,1404,6.7
39001,OH,"Adams County, OH",10960,10175,785,7.2,10950,10180,770,7.0,10884,10136,748,6.9,10860,9850,1010,9.3,10967,10275,692,6.3
39003,OH,"Allen County, OH",48876,46443,2433,5.0,48129,45984,2145,4.5,48240,46274,1966,4.1,47786,43690,4096,8.6,47538,44818,2720,5.7
39005,OH,"Ashland County, OH",26390,25094,1296,4.9,26302,25105,1197,4.6,27014,25884,1130,4.2,26265,24564,1701,6.5,26333,25190,1143,4.3
39007,OH,"Ashtabula County, OH",44402,41788,2614,5.9,44631,42299,2332,5.2,44862,42699,2163,4.8,43647,40010,3637,8.3,43322,40944,2378,5.5
39009,OH,"Athens County, OH",28497,26775,1722,6.0,27993,26414,1579,5.6,28095,26605,1490,5.3,26343,24334,2009,7.6,25533,24107,1426,5.6
39011,OH,"Auglaize County, OH",24833,23919,914,3.7,24757,23948,809,3.3,25146,24384,762,3.0,24501,22818,1683,6.9,24365,23465,900,3.7
39013,OH,"Belmont County, OH",30531,28600,1931,6.3,30689,29013,1676,5.5,30214,28500,1714,5.7,28503,25610,2893,10.1,27892,26187,1705,6.1
39015,OH,"Brown County, OH",19608,18488,1120,5.7,19543,18496,1047,5.4,19677,18688,989,5.0,19237,17633,1604,8.3,19366,18331,1035,5.3
39017,OH,"Butler County, OH",193539,184966,8573,4.4,194530,186487,8043,4.1,197058,189535,7523,3.8,193517,179442,14075,7.3,195166,186387,8779,4.5
39019,OH,"Carroll County, OH",13323,12545,778,5.8,13038,12349,689,5.3,13018,12367,651,5.0,12842,11708,1134,8.8,12726,12006,720,5.7
39021,OH,"Champaign County, OH",20023,19200,823,4.1,20000,19240,760,3.8,20220,19463,757,3.7,19780,18366,1414,7.1,19413,18560,853,4.4
39023,OH,"Clark County, OH",64040,60940,3100,4.8,63394,60505,2889,4.6,63821,61044,2777,4.4,62600,57507,5093,8.1,62458,59135,3323,5.3
39025,OH,"Clermont County, OH",105868,101228,4640,4.4,106523,102163,4360,4.1,108196,104115,4081,3.8,105768,98483,7285,6.9,106976,102346,4630,4.3
39027,OH,"Clinton County, OH",17524,16566,958,5.5,17638,16714,924,5.2,17837,16990,847,4.7,17676,16197,1479,8.4,17953,16971,982,5.5
39029,OH,"Columbiana County, OH",47950,45100,2850,5.9,47471,45032,2439,5.1,47793,45468,2325,4.9,47034,42612,4422,9.4,45832,43202,2630,5.7
39031,OH,"Coshocton County, OH",14761,13758,1003,6.8,14478,13587,891,6.2,14494,13637,857,5.9,14090,12834,1256,8.9,13772,12968,804,5.8
39033,OH,"Crawford County, OH",18925,17840,1085,5.7,18112,17164,948,5.2,18404,17537,867,4.7,18526,16795,1731,9.3,18066,17016,1050,5.8
39035,OH,"Cuyahoga County, OH",623383,587517,35866,5.8,622658,592290,30368,4.9,625976,599034,26942,4.3,597091,533399,63692,10.7,595326,556610,38716,6.5
39037,OH,"Darke County, OH",26440,25333,1107,4.2,25985,24977,1008,3.9,25997,25035,962,3.7,25651,23923,1728,6.7,25684,24679,1005,3.9
39039,OH,"Defiance County, OH",18505,17608,897,4.8,18290,17485,805,4.4,18193,17413,780,4.3,17726,16274,1452,8.2,17564,16739,825,4.7
39041,OH,"Delaware County, OH",107744,103922,3822,3.5,109553,105848,3705,3.4,113034,109437,3597,3.2,112091,106072,6019,5.4,114622,110501,4121,3.6
39043,OH,"Erie County, OH",38352,36009,2343,6.1,38090,35970,2120,5.6,37654,35782,1872,5.0,36454,32666,3788,10.4,37279,34918,2361,6.3
39045,OH,"Fairfield County, OH",77538,74228,3310,4.3,77539,74393,3146,4.1,79158,76176,2982,3.8,78558,73344,5214,6.6,79813,76349,3464,4.3
39047,OH,"Fayette County, OH",14465,13854,611,4.2,14164,13581,583,4.1,13989,13441,548,3.9,13938,12909,1029,7.4,13748,13091,657,4.8
39049,OH,"Franklin County, OH",686535,658718,27817,4.1,692900,666488,26412,3.8,703159,678059,25100,3.6,699903,647092,52811,7.5,709058,673958,35100,5.0
39051,OH,"Fulton County, OH",22592,21485,1107,4.9,22433,21450,983,4.4,22629,21686,943,4.2,21739,20025,1714,7.9,21631,20612,1019,4.7
39053,OH,"Gallia County, OH",12350,11535,815,6.6,12352,11608,744,6.0,12324,11653,671,5.4,12199,11223,976,8.0,12111,11427,684,5.6
39055,OH,"Geauga County, OH",49774,47430,2344,4.7,49880,47866,2014,4.0,50343,48538,1805,3.6,46661,43470,3191,6.8,47402,45445,1957,4.1
39057,OH,"Greene County, OH",82947,79418,3529,4.3,83120,79769,3351,4.0,84256,81069,3187,3.8,82426,77103,5323,6.5,82422,78872,3550,4.3
39059,OH,"Guernsey County, OH",19052,17907,1145,6.0,18846,17810,1036,5.5,18763,17731,1032,5.5,18252,16664,1588,8.7,17904,16906,998,5.6
39061,OH,"Hamilton County, OH",412841,394770,18071,4.4,414702,397694,17008,4.1,419902,403800,16102,3.8,412480,380073,32407,7.9,415153,394977,20176,4.9
39063,OH,"Hancock County, OH",41831,40322,1509,3.6,41558,40143,1415,3.4,42245,40895,1350,3.2,41424,38600,2824,6.8,41002,39311,1691,4.1
39065,OH,"Hardin County, OH",14429,13717,712,4.9,14086,13472,614,4.4,14019,13427,592,4.2,13917,12789,1128,8.1,13677,12972,705,5.2
39067,OH,"Harrison County, OH",7173,6745,428,6.0,6962,6599,363,5.2,6879,6515,364,5.3,6681,6061,620,9.3,6502,6096,406,6.2
39069,OH,"Henry County, OH",13597,12894,703,5.2,13365,12708,657,4.9,13282,12662,620,4.7,12998,11945,1053,8.1,12745,12088,657,5.2
39071,OH,"Highland County, OH",17233,16210,1023,5.9,17226,16276,950,5.5,17217,16316,901,5.2,17396,15886,1510,8.7,17499,16511,988,5.6
39073,OH,"Hocking County, OH",13148,12436,712,5.4,13025,12363,662,5.1,13073,12463,610,4.7,12713,11760,953,7.5,12874,12255,619,4.8
39075,OH,"Holmes County, OH",20914,20175,739,3.5,20756,20080,676,3.3,21005,20368,637,3.0,20880,20064,816,3.9,21400,20808,592,2.8
39077,OH,"Huron County, OH",28310,26499,1811,6.4,28097,26449,1648,5.9,28218,26582,1636,5.8,27495,24892,2603,9.5,27725,26108,1617,5.8
39079,OH,"Jackson County, OH",12963,12041,922,7.1,12853,12017,836,6.5,12858,12056,802,6.2,13123,11975,1148,8.7,12672,11894,778,6.1
39081,OH,"Jefferson County, OH",27974,25922,2052,7.3,27813,26070,1743,6.3,28050,26401,1649,5.9,27420,24650,2770,10.1,27241,25475,1766,6.5
39083,OH,"Knox County, OH",31492,30077,1415,4.5,31538,30172,1366,4.3,31836,30562,1274,4.0,30907,28987,1920,6.2,31102,29846,1256,4.0
39085,OH,"Lake County, OH",127665,121195,6470,5.1,128368,122751,5617,4.4,129768,124827,4941,3.8,121960,111570,10390,8.5,122641,116398,6243,5.1
39087,OH,"Lawrence County, OH",24167,22735,1432,5.9,23916,22584,1332,5.6,24045,22794,1251,5.2,23638,21626,2012,8.5,23226,22039,1187,5.1
39089,OH,"Licking County, OH",89346,85575,3771,4.2,89876,86320,3556,4.0,91371,87930,3441,3.8,90081,84147,5934,6.6,91375,87636,3739,4.1
39091,OH,"Logan County, OH",23653,22691,962,4.1,23243,22382,861,3.7,23033,22186,847,3.7,22699,20836,1863,8.2,22462,21532,930,4.1
39093,OH,"Lorain County, OH",155628,146182,9446,6.1,156304,148445,7859,5.0,158344,151370,6974,4.4,151801,136706,15095,9.9,151288,142587,8701,5.8
39095,OH,"Lucas County, OH",211558,199138,12420,5.9,210684,199681,11003,5.2,211863,201934,9929,4.7,208080,186564,21516,10.3,204976,192214,12762,6.2
39097,OH,"Madison County, OH",20717,19914,803,3.9,20688,19903,785,3.8,21022,20290,732,3.5,20485,19253,1232,6.0,20815,20014,801,3.8
39099,OH,"Mahoning County, OH",105742,98488,7254,6.9,104748,98585,6163,5.9,104107,98092,6015,5.8,100152,89923,10229,10.2,98659,92395,6264,6.3
39101,OH,"Marion County, OH",28232,26811,1421,5.0,28614,27353,1261,4.4,28748,27577,1171,4.1,28244,26098,2146,7.6,27974,26659,1315,4.7
39103,OH,"Medina County, OH",98287,93717,4570,4.6,98994,95071,3923,4.0,100692,97148,3544,3.5,94989,87686,7303,7.7,95616,91488,4128,4.3
39105,OH,"Meigs County, OH",9016,8283,733,8.1,9010,8361,649,7.2,9197,8559,638,6.9,8968,8095,873,9.7,8744,8164,580,6.6
39107,OH,"Mercer County, OH",23634,22911,723,3.1,23745,23094,651,2.7,23625,23004,621,2.6,23380,22124,1256,5.4,22895,22181,714,3.1
39109,OH,"Miami County, OH",53796,51518,2278,4.2,53997,51892,2105,3.9,54860,52819,2041,3.7,53894,50121,3773,7.0,53518,51238,2280,4.3
39111,OH,"Monroe County, OH",5187,4752,435,8.4,5214,4811,403,7.7,5391,4942,449,8.3,5656,5051,605,10.7,5312,4923,389,7.3
39113,OH,"Montgomery County, OH",253155,240829,12326,4.9,252244,240844,11400,4.5,253887,243116,10771,4.2,251066,229324,21742,8.7,248437,234606,13831,5.6
39115,OH,"Morgan County, OH",6736,6281,455,6.8,6745,6342,403,6.0,6784,6342,442,6.5,6682,6065,617,9.2,6756,6334,422,6.2
39117,OH,"Morrow County, OH",16831,16001,830,4.9,16739,15969,770,4.6,16973,16266,707,4.2,16706,15504,1202,7.2,16911,16149,762,4.5
39119,OH,"Muskingum County, OH",40012,37750,2262,5.7,39746,37646,2100,5.3,40025,38050,1975,4.9,40198,37072,3126,7.8,40348,38273,2075,5.1
39121,OH,"Noble County, OH",4794,4449,345,7.2,4793,4474,319,6.7,4759,4427,332,7.0,4636,4186,450,9.7,4628,4314,314,6.8
39123,OH,"Ottawa County, OH",21329,19898,1431,6.7,21205,19873,1332,6.3,21204,19991,1213,5.7,20566,18690,1876,9.1,20630,19371,1259,6.1
39125,OH,"Paulding County, OH",8937,8543,394,4.4,8795,8438,357,4.1,8701,8365,336,3.9,8681,8033,648,7.5,8600,8227,373,4.3
39127,OH,"Perry County, OH",15984,15018,966,6.0,15833,14943,890,5.6,16010,15168,842,5.3,15786,14447,1339,8.5,15922,15034,888,5.6
39129,OH,"Pickaway County, OH",26437,25208,1229,4.6,26292,25162,1130,4.3,26711,25633,1078,4.0,26263,24464,1799,6.8,26648,25460,1188,4.5
39131,OH,"Pike County, OH",10920,10160,760,7.0,10922,10214,708,6.5,10889,10210,679,6.2,10857,9837,1020,9.4,10912,10225,687,6.3
39133,OH,"Portage County, OH",87961,83542,4419,5.0,87390,83413,3977,4.6,88013,84259,3754,4.3,85380,79156,6224,7.3,84767,80765,4002,4.7
39135,OH,"Preble County, OH",21306,20358,948,4.4,21272,20408,864,4.1,21330,20521,809,3.8,21014,19589,1425,6.8,21552,20677,875,4.1
39137,OH,"Putnam County, OH",18991,18319,672,3.5,18756,18130,626,3.3,18980,18387,593,3.1,18530,17493,1037,5.6,18877,18240,637,3.4
39139,OH,"Richland County, OH",53515,50600,2915,5.4,53098,50498,2600,4.9,52812,50401,2411,4.6,51670,47026,4644,9.0,51520,48658,2862,5.6
39141,OH,"Ross County, OH",34412,32651,1761,5.1,34968,33388,1580,4.5,35583,34074,1509,4.2,35186,32371,2815,8.0,35174,33475,1699,4.8
39143,OH,"Sandusky County, OH",31498,30011,1487,4.7,31032,29632,1400,4.5,30830,29492,1338,4.3,29980,27548,2432,8.1,30368,28788,1580,5.2
39145,OH,"Scioto County, OH",29767,27670,2097,7.0,29115,27160,1955,6.7,29173,27332,1841,6.3,29082,26546,2536,8.7,29306,27495,1811,6.2
39147,OH,"Seneca County, OH",27545,26244,1301,4.7,27348,26146,1202,4.4,27656,26502,1154,4.2,27108,24912,2196,8.1,26771,25509,1262,4.7
39149,OH,"Shelby County, OH",24165,23168,997,4.1,24097,23194,903,3.7,24375,23505,870,3.6,23940,22093,1847,7.7,23791,22797,994,4.2
39151,OH,"Stark County, OH",188257,178467,9790,5.2,186994,177846,9148,4.9,187256,178726,8530,4.6,183250,168443,14807,8.1,182193,172691,9502,5.2
39153,OH,"Summit County, OH",274876,260984,13892,5.1,272715,260047,12668,4.6,274825,262992,11833,4.3,267963,245734,22229,8.3,265068,250658,14410,5.4
39155,OH,"Trumbull County, OH",89622,83189,6433,7.2,88065,82606,5459,6.2,87687,82276,5411,6.2,84667,75860,8807,10.4,83322,77977,5345,6.4
39157,OH,"Tuscarawas County, OH",45657,43373,2284,5.0,44782,42747,2035,4.5,45275,43306,1969,4.3,44452,41095,3357,7.6,44346,42291,2055,4.6
39159,OH,"Union County, OH",28546,27482,1064,3.7,28774,27777,997,3.5,29642,28680,962,3.2,29513,27803,1710,5.8,29989,28936,1053,3.5
39161,OH,"Van Wert County, OH",14583,14013,570,3.9,14479,13971,508,3.5,15140,14643,497,3.3,14734,13699,1035,7.0,14591,14016,575,3.9
39163,OH,"Vinton County, OH",5491,5115,376,6.8,5526,5184,342,6.2,5615,5297,318,5.7,5599,5083,516,9.2,5513,5172,341,6.2
39165,OH,"Warren County, OH",117057,112253,4804,4.1,118802,114238,4564,3.8,121389,117089,4300,3.5,119580,111968,7612,6.4,121173,116335,4838,4.0
39167,OH,"Washington County, OH",27453,25742,1711,6.2,27293,25764,1529,5.6,27653,26159,1494,5.4,26808,24503,2305,8.6,26727,25250,1477,5.5
39169,OH,"Wayne County, OH",62014,59600,2414,3.9,61405,59201,2204,3.6,62608,60558,2050,3.3,60299,56754,3545,5.9,60229,58061,2168,3.6
39171,OH,"Williams County, OH",19108,18274,834,4.4,19045,18356,689,3.6,19190,18548,642,3.3,18782,17330,1452,7.7,18467,17672,795,4.3
39173,OH,"Wood County, OH",71047,67933,3114,4.4,71141,68303,2838,4.0,72039,69384,2655,3.7,69186,64309,4877,7.0,69203,66238,2965,4.3
39175,OH,"Wyandot County, OH",12720,12251,469,3.7,12775,12366,409,3.2,13143,12730,413,3.1,12893,12001,892,6.9,12816,12363,453,3.5
40001,OK,"Adair County, OK",8192,7808,384,4.7,8140,7815,325,4.0,8070,7754,316,3.9,8260,7771,489,5.9,8467,8156,311,3.7
40003,OK,"Alfalfa County, OK",2947,2873,74,2.5,2889,2829,60,2.1,2787,2733,54,1.9,2746,2645,101,3.7,2683,2620,63,2.3
40005,OK,"Atoka County, OK",5167,4907,260,5.0,5049,4848,201,4.0,4896,4694,202,4.1,5113,4745,368,7.2,5021,4784,237,4.7
40007,OK,"Beaver County, OK",3026,2952,74,2.4,3007,2949,58,1.9,2860,2805,55,1.9,2570,2501,69,2.7,2625,2580,45,1.7
40009,OK,"Beckham County, OK",11254,10842,412,3.7,11375,11093,282,2.5,10439,10126,313,3.0,9942,9179,763,7.7,9706,9286,420,4.3
40011,OK,"Blaine County, OK",4605,4483,122,2.6,4467,4381,86,1.9,4720,4630,90,1.9,4375,4110,265,6.1,4402,4272,130,3.0
40013,OK,"Bryan County, OK",20308,19571,737,3.6,20878,20242,636,3.0,21365,20744,621,2.9,22318,21168,1150,5.2,21988,21266,722,3.3
40015,OK,"Caddo County, OK",12327,11812,515,4.2,12074,11660,414,3.4,11772,11373,399,3.4,11894,11180,714,6.0,12011,11566,445,3.7
40017,OK,"Canadian County, OK",70821,68466,2355,3.3,73268,71324,1944,2.7,75634,73593,2041,2.7,77282,72687,4595,5.9,78317,75802,2515,3.2
40019,OK,"Carter County, OK",22370,21413,957,4.3,22047,21305,742,3.4,21400,20704,696,3.3,21239,19729,1510,7.1,21388,20447,941,4.4
40021,OK,"Cherokee County, OK",19084,18109,975,5.1,18740,17980,760,4.1,18720,18012,708,3.8,19489,18401,1088,5.6,19939,19116,823,4.1
40023,OK,"Choctaw County, OK",5696,5364,332,5.8,5668,5395,273,4.8,5408,5158,250,4.6,5552,5128,424,7.6,5940,5633,307,5.2
40025,OK,"Cimarron County, OK",1414,1382,32,2.3,1373,1348,25,1.8,1322,1300,22,1.7,1397,1368,29,2.1,1503,1476,27,1.8
40027,OK,"Cleveland County, OK",139286,134646,4640,3.3,141067,137134,3933,2.8,142910,139052,3858,2.7,142056,134026,8030,5.7,144386,139744,4642,3.2
40029,OK,"Coal County, OK",2263,2148,115,5.1,2284,2203,81,3.5,2446,2355,91,3.7,2275,2117,158,6.9,2292,2188,104,4.5
40031,OK,"Comanche County, OK",48737,46703,2034,4.2,48152,46342,1810,3.8,47971,46303,1668,3.5,47820,44578,3242,6.8,47741,45802,1939,4.1
40033,OK,"Cotton County, OK",2788,2682,106,3.8,2726,2644,82,3.0,2652,2571,81,3.1,2704,2511,193,7.1,2708,2598,110,4.1
40035,OK,"Craig County, OK",6069,5819,250,4.1,6070,5867,203,3.3,5899,5700,199,3.4,5785,5468,317,5.5,5714,5506,208,3.6
40037,OK,"Creek County, OK",31367,29884,1483,4.7,31358,30210,1148,3.7,31437,30329,1108,3.5,30901,28850,2051,6.6,31131,29812,1319,4.2
40039,OK,"Custer County, OK",15366,14896,470,3.1,15619,15253,366,2.3,15563,15186,377,2.4,15019,14197,822,5.5,15179,14686,493,3.2
40041,OK,"Delaware County, OK",18504,17735,769,4.2,17889,17213,676,3.8,18059,17409,650,3.6,18276,17287,989,5.4,18692,18066,626,3.3
40043,OK,"Dewey County, OK",2515,2447,68,2.7,2760,2709,51,1.8,2886,2828,58,2.0,2676,2545,131,4.9,2728,2654,74,2.7
40045,OK,"Ellis County, OK",2216,2150,66,3.0,2193,2147,46,2.1,2128,2078,50,2.3,2129,2032,97,4.6,2102,2043,59,2.8
40047,OK,"Garfield County, OK",27702,26690,1012,3.7,27118,26330,788,2.9,26987,26217,770,2.9,26854,25369,1485,5.5,26842,25917,925,3.4
40049,OK,"Garvin County, OK",12585,12088,497,3.9,12628,12231,397,3.1,12540,12162,378,3.0,12694,11894,800,6.3,12682,12206,476,3.8
40051,OK,"Grady County, OK",25968,24972,996,3.8,26203,25433,770,2.9,26413,25634,779,2.9,26284,24650,1634,6.2,26685,25758,927,3.5
40053,OK,"Grant County, OK",2879,2809,70,2.4,2727,2673,54,2.0,2652,2599,53,2.0,2760,2667,93,3.4,2724,2655,69,2.5
40055,OK,"Greer County, OK",2050,1949,101,4.9,1956,1881,75,3.8,1818,1745,73,4.0,1867,1725,142,7.6,1859,1764,95,5.1
40057,OK,"Harmon County, OK",1268,1222,46,3.6,1204,1170,34,2.8,1174,1142,32,2.7,1168,1126,42,3.6,1184,1154,30,2.5
40059,OK,"Harper County, OK",1868,1814,54,2.9,1789,1749,40,2.2,1723,1676,47,2.7,1763,1702,61,3.5,1789,1745,44,2.5
40061,OK,"Haskell County, OK",4345,4073,272,6.3,4200,3994,206,4.9,4214,4003,211,5.0,4216,3877,339,8.0,4248,4027,221,5.2
40063,OK,"Hughes County, OK",5383,5098,285,5.3,5335,5121,214,4.0,5303,5060,243,4.6,5295,4892,403,7.6,5191,4923,268,5.2
40065,OK,"Jackson County, OK",10805,10418,387,3.6,10715,10403,312,2.9,10613,10319,294,2.8,10567,10131,436,4.1,10785,10481,304,2.8
40067,OK,"Jefferson County, OK",2485,2354,131,5.3,2575,2491,84,3.3,2483,2407,76,3.1,2554,2384,170,6.7,2471,2373,98,4.0
40069,OK,"Johnston County, OK",5021,4832,189,3.8,5180,5033,147,2.8,3744,3590,154,4.1,3743,3454,289,7.7,3684,3516,168,4.6
40071,OK,"Kay County, OK",19130,18151,979,5.1,18842,17999,843,4.5,18216,17480,736,4.0,18245,17017,1228,6.7,18421,17622,799,4.3
40073,OK,"Kingfisher County, OK",8685,8457,228,2.6,8896,8714,182,2.0,9067,8890,177,2.0,8721,8336,385,4.4,8647,8419,228,2.6
40075,OK,"Kiowa County, OK",3911,3716,195,5.0,3512,3372,140,4.0,3418,3297,121,3.5,3499,3320,179,5.1,3614,3493,121,3.3
40077,OK,"Latimer County, OK",3377,3137,240,7.1,3201,3017,184,5.7,3110,2924,186,6.0,3138,2816,322,10.3,3086,2861,225,7.3
40079,OK,"Le Flore County, OK",19261,18204,1057,5.5,19105,18259,846,4.4,18943,18098,845,4.5,19023,17673,1350,7.1,19236,18340,896,4.7
40081,OK,"Lincoln County, OK",15710,15064,646,4.1,15630,15096,534,3.4,15640,15111,529,3.4,15458,14577,881,5.7,15810,15249,561,3.5
40083,OK,"Logan County, OK",21589,20836,753,3.5,21874,21235,639,2.9,22248,21640,608,2.7,22227,21070,1157,5.2,22737,21997,740,3.3
40085,OK,"Love County, OK",6561,6376,185,2.8,6411,6278,133,2.1,6154,6021,133,2.2,6495,6218,277,4.3,6054,5896,158,2.6
40087,OK,"McClain County, OK",19161,18520,641,3.3,19466,18947,519,2.7,19725,19212,513,2.6,19999,18886,1113,5.6,20387,19754,633,3.1
40089,OK,"McCurtain County, OK",14684,13808,876,6.0,14085,13343,742,5.3,14350,13575,775,5.4,14944,13932,1012,6.8,15662,14969,693,4.4
40091,OK,"McIntosh County, OK",6905,6400,505,7.3,6831,6444,387,5.7,7067,6675,392,5.5,7105,6496,609,8.6,7106,6674,432,6.1
40093,OK,"Major County, OK",4006,3886,120,3.0,3997,3915,82,2.1,3850,3771,79,2.1,3668,3491,177,4.8,3680,3565,115,3.1
40095,OK,"Marshall County, OK",6547,6258,289,4.4,6722,6479,243,3.6,6873,6645,228,3.3,6802,6356,446,6.6,6987,6731,256,3.7
40097,OK,"Mayes County, OK",19155,18299,856,4.5,19747,19113,634,3.2,19329,18757,572,3.0,19241,18247,994,5.2,19364,18639,725,3.7
40099,OK,"Murray County, OK",6376,6152,224,3.5,6462,6281,181,2.8,6296,6116,180,2.9,6110,5728,382,6.3,6097,5860,237,3.9
40101,OK,"Muskogee County, OK",29421,28005,1416,4.8,29107,27988,1119,3.8,29490,28405,1085,3.7,28999,27213,1786,6.2,28881,27629,1252,4.3
40103,OK,"Noble County, OK",5738,5559,179,3.1,5707,5565,142,2.5,5645,5516,129,2.3,5451,5225,226,4.1,5564,5423,141,2.5
40105,OK,"Nowata County, OK",4595,4359,236,5.1,4604,4418,186,4.0,4549,4401,148,3.3,4588,4343,245,5.3,4637,4474,163,3.5
40107,OK,"Okfuskee County, OK",4440,4186,254,5.7,4484,4280,204,4.5,4586,4387,199,4.3,4388,4090,298,6.8,4425,4210,215,4.9
40109,OK,"Oklahoma County, OK",376406,362194,14212,3.8,380478,368385,12093,3.2,384056,372568,11488,3.0,383293,358408,24885,6.5,389697,373878,15819,4.1
40111,OK,"Okmulgee County, OK",15863,14914,949,6.0,15570,14829,741,4.8,15679,14947,732,4.7,15323,14185,1138,7.4,15459,14660,799,5.2
40113,OK,"Osage County, OK",20669,19658,1011,4.9,20606,19757,849,4.1,20577,19836,741,3.6,20130,18796,1334,6.6,20265,19410,855,4.2
40115,OK,"Ottawa County, OK",14429,13835,594,4.1,14315,13839,476,3.3,14173,13723,450,3.2,14226,13408,818,5.8,14418,13957,461,3.2
40117,OK,"Pawnee County, OK",7370,6997,373,5.1,7322,7031,291,4.0,7320,7046,274,3.7,7223,6742,481,6.7,7283,6983,300,4.1
40119,OK,"Payne County, OK",38748,37438,1310,3.4,38536,37445,1091,2.8,38003,36964,1039,2.7,37540,35533,2007,5.3,38102,36873,1229,3.2
40121,OK,"Pittsburg County, OK",17686,16804,882,5.0,17800,17140,660,3.7,17117,16438,679,4.0,16610,15332,1278,7.7,16392,15535,857,5.2
40123,OK,"Pontotoc County, OK",18516,17856,660,3.6,18601,18050,551,3.0,18887,18323,564,3.0,19111,18110,1001,5.2,19191,18552,639,3.3
40125,OK,"Pottawatomie County, OK",32906,31619,1287,3.9,32473,31313,1160,3.6,32274,31166,1108,3.4,32172,30179,1993,6.2,32707,31444,1263,3.9
40127,OK,"Pushmataha County, OK",4710,4433,277,5.9,4479,4255,224,5.0,4263,4063,200,4.7,4443,4143,300,6.8,4708,4508,200,4.2
40129,OK,"Roger Mills County, OK",1876,1818,58,3.1,1871,1828,43,2.3,1848,1796,52,2.8,1773,1682,91,5.1,1802,1750,52,2.9
40131,OK,"Rogers County, OK",44430,42580,1850,4.2,44746,43327,1419,3.2,45157,43840,1317,2.9,44609,41984,2625,5.9,44863,43285,1578,3.5
40133,OK,"Seminole County, OK",9404,8896,508,5.4,9461,9031,430,4.5,9392,8963,429,4.6,9170,8479,691,7.5,9125,8662,463,5.1
40135,OK,"Sequoyah County, OK",16508,15652,856,5.2,16284,15609,675,4.1,16280,15650,630,3.9,16378,15242,1136,6.9,16550,15832,718,4.3
40137,OK,"Stephens County, OK",18110,17048,1062,5.9,18457,17757,700,3.8,18515,17760,755,4.1,18430,16974,1456,7.9,18751,17907,844,4.5
40139,OK,"Texas County, OK",9336,9060,276,3.0,8999,8762,237,2.6,11174,10970,204,1.8,11246,10982,264,2.3,11412,11202,210,1.8
40141,OK,"Tillman County, OK",3257,3127,130,4.0,3089,2978,111,3.6,2988,2883,105,3.5,3018,2827,191,6.3,2921,2797,124,4.2
40143,OK,"Tulsa County, OK",318416,305546,12870,4.0,320901,310559,10342,3.2,323628,313891,9737,3.0,322431,301019,21412,6.6,323923,310848,13075,4.0
40145,OK,"Wagoner County, OK",36904,35378,1526,4.1,37672,36472,1200,3.2,38361,37224,1137,3.0,38363,36111,2252,5.9,38649,37279,1370,3.5
40147,OK,"Washington County, OK",23140,22152,988,4.3,22844,21988,856,3.7,22275,21552,723,3.2,22159,20841,1318,5.9,22455,21609,846,3.8
40149,OK,"Washita County, OK",5350,5126,224,4.2,5256,5103,153,2.9,5144,4980,164,3.2,5082,4735,347,6.8,4963,4749,214,4.3
40151,OK,"Woods County, OK",4908,4787,121,2.5,4631,4535,96,2.1,4581,4492,89,1.9,4580,4421,159,3.5,4733,4634,99,2.1
40153,OK,"Woodward County, OK",9404,9036,368,3.9,9236,8995,241,2.6,8946,8700,246,2.7,8881,8271,610,6.9,8665,8300,365,4.2
41001,OR,"Baker County, OR",6960,6586,374,5.4,7066,6699,367,5.2,7110,6788,322,4.5,7269,6747,522,7.2,7467,7083,384,5.1
41003,OR,"Benton County, OR",47990,46456,1534,3.2,47842,46370,1472,3.1,47425,46015,1410,3.0,46653,44036,2617,5.6,47556,45683,1873,3.9
41005,OR,"Clackamas County, OR",216100,208169,7931,3.7,216445,208578,7867,3.6,218388,211061,7327,3.4,218357,202544,15813,7.2,222815,212018,10797,4.8
41007,OR,"Clatsop County, OR",19096,18325,771,4.0,19112,18354,758,4.0,19302,18586,716,3.7,19269,17441,1828,9.5,19452,18284,1168,6.0
41009,OR,"Columbia County, OR",24094,22876,1218,5.1,24124,22943,1181,4.9,24192,23118,1074,4.4,24130,22221,1909,7.9,24640,23222,1418,5.8
41011,OR,"Coos County, OR",26288,24866,1422,5.4,26028,24666,1362,5.2,26116,24865,1251,4.8,26580,24285,2295,8.6,27033,25337,1696,6.3
41013,OR,"Crook County, OR",9355,8771,584,6.2,9430,8884,546,5.8,9807,9305,502,5.1,10369,9454,915,8.8,10941,10205,736,6.7
41015,OR,"Curry County, OR",8906,8374,532,6.0,8878,8355,523,5.9,8856,8403,453,5.1,8961,8183,778,8.7,9158,8546,612,6.7
41017,OR,"Deschutes County, OR",92645,88783,3862,4.2,94324,90460,3864,4.1,95926,92211,3715,3.9,98204,90396,7808,8.0,102553,97124,5429,5.3
41019,OR,"Douglas County, OR",45913,43500,2413,5.3,46112,43716,2396,5.2,46437,44200,2237,4.8,47323,43658,3665,7.7,47860,45073,2787,5.8
41021,OR,"Gilliam County, OR",850,814,36,4.2,851,819,32,3.8,942,908,34,3.6,992,930,62,6.3,940,895,45,4.8
41023,OR,"Grant County, OR",3110,2900,210,6.8,3112,2899,213,6.8,3176,2961,215,6.8,3201,2933,268,8.4,3247,3030,217,6.7
41025,OR,"Harney County, OR",3387,3178,209,6.2,3508,3303,205,5.8,3564,3379,185,5.2,3635,3420,215,5.9,3761,3568,193,5.1
41027,OR,"Hood River County, OR",14255,13753,502,3.5,14364,13902,462,3.2,14389,13940,449,3.1,14100,13215,885,6.3,14410,13758,652,4.5
41029,OR,"Jackson County, OR",102582,97799,4783,4.7,103422,98641,4781,4.6,103412,98989,4423,4.3,105118,96906,8212,7.8,107706,101863,5843,5.4
41031,OR,"Jefferson County, OR",9908,9362,546,5.5,10094,9561,533,5.3,10117,9612,505,5.0,10321,9470,851,8.2,10459,9782,677,6.5
41033,OR,"Josephine County, OR",34943,33100,1843,5.3,35335,33435,1900,5.4,35672,33926,1746,4.9,36117,33262,2855,7.9,36990,34710,2280,6.2
41035,OR,"Klamath County, OR",29352,27644,1708,5.8,29313,27507,1806,6.2,29328,27554,1774,6.0,29519,26952,2567,8.7,29770,27762,2008,6.7
41037,OR,"Lake County, OR",3486,3291,195,5.6,3551,3358,193,5.4,3606,3414,192,5.3,3656,3450,206,5.6,3721,3517,204,5.5
41039,OR,"Lane County, OR",180311,172433,7878,4.4,179863,172070,7793,4.3,180022,172839,7183,4.0,179141,165033,14108,7.9,182197,172142,10055,5.5
41041,OR,"Lincoln County, OR",20957,19974,983,4.7,20885,19901,984,4.7,20759,19871,888,4.3,20757,18505,2252,10.8,21119,19680,1439,6.8
41043,OR,"Linn County, OR",57436,54752,2684,4.7,58285,55623,2662,4.6,58507,56004,2503,4.3,59127,54551,4576,7.7,60636,57235,3401,5.6
41045,OR,"Malheur County, OR",12466,11896,570,4.6,12339,11791,548,4.4,12268,11772,496,4.0,12578,11918,660,5.2,12717,12163,554,4.4
41047,OR,"Marion County, OR",159089,152304,6785,4.3,159745,153093,6652,4.2,161459,155206,6253,3.9,162560,151236,11324,7.0,167425,158910,8515,5.1
41049,OR,"Morrow County, OR",5720,5471,249,4.4,5690,5453,237,4.2,5743,5510,233,4.1,5770,5473,297,5.1,5966,5694,272,4.6
41051,OR,"Multnomah County, OR",450620,434508,16112,3.6,448867,432846,16021,3.6,451347,436702,14645,3.2,456024,416679,39345,8.6,461936,436295,25641,5.6
41053,OR,"Polk County, OR",39063,37397,1666,4.3,39358,37694,1664,4.2,40018,38420,1598,4.0,40644,37994,2650,6.5,42006,39974,2032,4.8
41055,OR,"Sherman County, OR",893,851,42,4.7,892,857,35,3.9,925,893,32,3.5,977,916,61,6.2,963,922,41,4.3
41057,OR,"Tillamook County, OR",11674,11186,488,4.2,11754,11255,499,4.2,11852,11399,453,3.8,11862,10910,952,8.0,12137,11469,668,5.5
41059,OR,"Umatilla County, OR",36464,34736,1728,4.7,36240,34509,1731,4.8,36592,34857,1735,4.7,36986,34480,2506,6.8,37687,35718,1969,5.2
41061,OR,"Union County, OR",11894,11278,616,5.2,11855,11238,617,5.2,11952,11384,568,4.8,12014,11072,942,7.8,12222,11542,680,5.6
41063,OR,"Wallowa County, OR",3294,3112,182,5.5,3375,3179,196,5.8,3419,3224,195,5.7,3462,3216,246,7.1,3622,3426,196,5.4
41065,OR,"Wasco County, OR",13716,13155,561,4.1,13252,12704,548,4.1,13355,12815,540,4.0,13452,12498,954,7.1,13684,12968,716,5.2
41067,OR,"Washington County, OR",318470,307517,10953,3.4,320147,309361,10786,3.4,323935,314045,9890,3.1,320607,299729,20878,6.5,327487,313135,14352,4.4
41069,OR,"Wheeler County, OR",729,701,28,3.8,716,692,24,3.4,709,679,30,4.2,694,664,30,4.3,726,702,24,3.3
41071,OR,"Yamhill County, OR",53671,51688,1983,3.7,54030,52076,1954,3.6,54352,52525,1827,3.4,54131,50468,3663,6.8,55328,52704,2624,4.7
42001,PA,"Adams County, PA",55878,53794,2084,3.7,55740,53838,1902,3.4,55965,54078,1887,3.4,54605,50835,3770,6.9,54462,52066,2396,4.4
42003,PA,"Allegheny County, PA",651929,620570,31359,4.8,651614,624269,27345,4.2,656477,628729,27748,4.2,644176,585953,58223,9.0,630750,592281,38469,6.1
42005,PA,"Armstrong County, PA",32643,30597,2046,6.3,32413,30722,1691,5.2,32452,30760,1692,5.2,31723,28603,3120,9.8,31268,28903,2365,7.6
42007,PA,"Beaver County, PA",85241,80434,4807,5.6,84526,80523,4003,4.7,84799,80859,3940,4.6,83688,75060,8628,10.3,81745,75860,5885,7.2
42009,PA,"Bedford County, PA",23983,22722,1261,5.3,23924,22808,1116,4.7,23880,22732,1148,4.8,23950,21791,2159,9.0,23723,22317,1406,5.9
42011,PA,"Berks County, PA",214413,204385,10028,4.7,215228,205903,9325,4.3,217947,208196,9751,4.5,214967,194595,20372,9.5,211376,197487,13889,6.6
42013,PA,"Blair County, PA",60697,57720,2977,4.9,60070,57445,2625,4.4,60290,57507,2783,4.6,60042,54823,5219,8.7,59237,55701,3536,6.0
42015,PA,"Bradford County, PA",29574,28030,1544,5.2,29159,27835,1324,4.5,29022,27722,1300,4.5,28471,26329,2142,7.5,27852,26294,1558,5.6
42017,PA,"Bucks County, PA",343469,328632,14837,4.3,344427,330950,13477,3.9,348636,334924,13712,3.9,343462,315041,28421,8.3,342596,324437,18159,5.3
42019,PA,"Butler County, PA",99554,94928,4626,4.6,100311,96263,4048,4.0,101175,97139,4036,4.0,99378,91640,7738,7.8,98106,92616,5490,5.6
42021,PA,"Cambria County, PA",60219,56525,3694,6.1,58860,55687,3173,5.4,58515,55321,3194,5.5,56988,51562,5426,9.5,55668,51760,3908,7.0
42023,PA,"Cameron County, PA",2216,2062,154,6.9,2160,2048,112,5.2,2115,1987,128,6.1,2065,1807,258,12.5,2009,1855,154,7.7
42025,PA,"Carbon County, PA",31789,29992,1797,5.7,32070,30387,1683,5.2,32519,30723,1796,5.5,31966,28839,3127,9.8,32079,29924,2155,6.7
42027,PA,"Centre County, PA",79801,76808,2993,3.8,80454,77735,2719,3.4,80830,78054,2776,3.4,77577,73057,4520,5.8,76030,72547,3483,4.6
42029,PA,"Chester County, PA",283553,273197,10356,3.7,285793,276376,9417,3.3,290781,281287,9494,3.3,285148,266873,18275,6.4,286372,274342,12030,4.2
42031,PA,"Clarion County, PA",17891,16866,1025,5.7,17589,16710,879,5.0,17273,16407,866,5.0,16995,15585,1410,8.3,16640,15565,1075,6.5
42033,PA,"Clearfield County, PA",36200,34022,2178,6.0,36121,34250,1871,5.2,36344,34409,1935,5.3,36093,32772,3321,9.2,35498,33007,2491,7.0
42035,PA,"Clinton County, PA",18526,17372,1154,6.2,18562,17539,1023,5.5,18502,17474,1028,5.6,17910,16349,1561,8.7,17226,16076,1150,6.7
42037,PA,"Columbia County, PA",34028,32235,1793,5.3,33853,32187,1666,4.9,33840,32189,1651,4.9,33784,31042,2742,8.1,33275,31328,1947,5.9
42039,PA,"Crawford County, PA",39808,37586,2222,5.6,39322,37412,1910,4.9,39038,37146,1892,4.8,38660,35224,3436,8.9,37822,35305,2517,6.7
42041,PA,"Cumberland County, PA",131396,126312,5084,3.9,132055,127480,4575,3.5,134203,129560,4643,3.5,133054,124212,8842,6.6,132627,126550,6077,4.6
42043,PA,"Dauphin County, PA",143690,137104,6586,4.6,144231,138273,5958,4.1,146075,140029,6046,4.1,146534,133508,13026,8.9,145162,136049,9113,6.3
42045,PA,"Delaware County, PA",297750,284084,13666,4.6,299233,286729,12504,4.2,303096,290501,12595,4.2,298936,271519,27417,9.2,295824,277226,18598,6.3
42047,PA,"Elk County, PA",16159,15368,791,4.9,16038,15399,639,4.0,15824,15040,784,5.0,15420,13546,1874,12.2,14836,13814,1022,6.9
42049,PA,"Erie County, PA",131953,124230,7723,5.9,130607,124230,6377,4.9,130359,124269,6090,4.7,128723,116100,12623,9.8,126536,117276,9260,7.3
42051,PA,"Fayette County, PA",57956,53873,4083,7.0,57452,53964,3488,6.1,57499,53979,3520,6.1,56830,50131,6699,11.8,55515,50665,4850,8.7
42053,PA,"Forest County, PA",1851,1726,125,6.8,1839,1720,119,6.5,1833,1705,128,7.0,1815,1623,192,10.6,1747,1602,145,8.3
42055,PA,"Franklin County, PA",77298,73804,3494,4.5,77787,74795,2992,3.8,78527,75436,3091,3.9,78502,72545,5957,7.6,77153,73196,3957,5.1
42057,PA,"Fulton County, PA",7315,6938,377,5.2,7910,7584,326,4.1,7790,7431,359,4.6,7504,6609,895,11.9,7109,6661,448,6.3
42059,PA,"Greene County, PA",16954,15937,1017,6.0,16777,15929,848,5.1,16798,15917,881,5.2,16153,14579,1574,9.7,15723,14575,1148,7.3
42061,PA,"Huntingdon County, PA",19985,18769,1216,6.1,20026,18923,1103,5.5,20124,18906,1218,6.1,19826,17736,2090,10.5,19181,17776,1405,7.3
42063,PA,"Indiana County, PA",39611,37264,2347,5.9,39199,37198,2001,5.1,39491,37451,2040,5.2,38132,34661,3471,9.1,37090,34461,2629,7.1
42065,PA,"Jefferson County, PA",20760,19585,1175,5.7,20738,19737,1001,4.8,20782,19774,1008,4.9,20351,18565,1786,8.8,19626,18346,1280,6.5
42067,PA,"Juniata County, PA",12491,11909,582,4.7,12593,12066,527,4.2,12745,12166,579,4.5,12745,11830,915,7.2,12501,11877,624,5.0
42069,PA,"Lackawanna County, PA",106928,101344,5584,5.2,106463,101395,5068,4.8,106301,100971,5330,5.0,105010,94896,10114,9.6,103325,96225,7100,6.9
42071,PA,"Lancaster County, PA",281545,270538,11007,3.9,285302,275237,10065,3.5,288378,278164,10214,3.5,285487,264119,21368,7.5,284893,270883,14010,4.9
42073,PA,"Lawrence County, PA",41018,38493,2525,6.2,41250,39070,2180,5.3,41149,38988,2161,5.3,40785,36557,4228,10.4,39632,36612,3020,7.6
42075,PA,"Lebanon County, PA",71387,68391,2996,4.2,72007,69180,2827,3.9,73139,70213,2926,4.0,72985,67204,5781,7.9,72636,68671,3965,5.5
42077,PA,"Lehigh County, PA",191452,181692,9760,5.1,193125,183886,9239,4.8,195732,186666,9066,4.6,194736,176099,18637,9.6,196119,182781,13338,6.8
42079,PA,"Luzerne County, PA",160068,150490,9578,6.0,159673,150704,8969,5.6,160092,150771,9321,5.8,159443,141990,17453,10.9,156930,143982,12948,8.3
42081,PA,"Lycoming County, PA",58389,55072,3317,5.7,57951,55068,2883,5.0,57557,54714,2843,4.9,56760,51752,5008,8.8,55322,51607,3715,6.7
42083,PA,"McKean County, PA",18337,17200,1137,6.2,18015,17115,900,5.0,17517,16571,946,5.4,17323,15621,1702,9.8,16882,15711,1171,6.9
42085,PA,"Mercer County, PA",51162,48322,2840,5.6,50481,48012,2469,4.9,49554,47078,2476,5.0,48710,43991,4719,9.7,47850,44435,3415,7.1
42087,PA,"Mifflin County, PA",20868,19740,1128,5.4,21004,19983,1021,4.9,21278,20261,1017,4.8,21331,19526,1805,8.5,20860,19593,1267,6.1
42089,PA,"Monroe County, PA",83002,78056,4946,6.0,83259,78631,4628,5.6,84265,79615,4650,5.5,82783,73276,9507,11.5,81973,75678,6295,7.7
42091,PA,"Montgomery County, PA",452283,434530,17753,3.9,455203,438929,16274,3.6,461953,445356,16597,3.6,454869,420355,34514,7.6,455531,432931,22600,5.0
42093,PA,"Montour County, PA",9186,8827,359,3.9,9192,8859,333,3.6,9262,8922,340,3.7,9096,8531,565,6.2,9001,8609,392,4.4
42095,PA,"Northampton County, PA",160098,152125,7973,5.0,161415,153991,7424,4.6,163543,156047,7496,4.6,161346,146914,14432,8.9,162125,152487,9638,5.9
42097,PA,"Northumberland County, PA",44074,41537,2537,5.8,43570,41201,2369,5.4,43635,41130,2505,5.7,42800,38777,4023,9.4,42079,39224,2855,6.8
42099,PA,"Perry County, PA",24514,23447,1067,4.4,24494,23542,952,3.9,24762,23820,942,3.8,24330,22681,1649,6.8,24211,23084,1127,4.7
42101,PA,"Philadelphia County/city, PA",711750,666564,45186,6.3,718024,676682,41342,5.8,732044,690507,41537,5.7,736067,644480,91587,12.4,721225,655154,66071,9.2
42103,PA,"Pike County, PA",25002,23496,1506,6.0,25374,23975,1399,5.5,25640,24181,1459,5.7,25415,22737,2678,10.5,25175,23327,1848,7.3
42105,PA,"Potter County, PA",7337,6852,485,6.6,7257,6855,402,5.5,7311,6871,440,6.0,7289,6607,682,9.4,7122,6635,487,6.8
42107,PA,"Schuylkill County, PA",66896,62924,3972,5.9,66841,63252,3589,5.4,67270,63536,3734,5.6,66976,60768,6208,9.3,65357,60936,4421,6.8
42109,PA,"Snyder County, PA",20907,19970,937,4.5,20526,19679,847,4.1,20319,19188,1131,5.6,19648,18143,1505,7.7,19565,18557,1008,5.2
42111,PA,"Somerset County, PA",33956,31868,2088,6.1,33914,32116,1798,5.3,33848,32001,1847,5.5,33152,30019,3133,9.5,32597,30399,2198,6.7
42113,PA,"Sullivan County, PA",2716,2551,165,6.1,2719,2579,140,5.1,2683,2539,144,5.4,2614,2391,223,8.5,2569,2380,189,7.4
42115,PA,"Susquehanna County, PA",20786,19787,999,4.8,20681,19823,858,4.1,20751,19835,916,4.4,20029,18558,1471,7.3,19956,18865,1091,5.5
42117,PA,"Tioga County, PA",19296,18126,1170,6.1,19050,18028,1022,5.4,19228,18185,1043,5.4,19110,17382,1728,9.0,18887,17633,1254,6.6
42119,PA,"Union County, PA",19854,18974,880,4.4,19817,19044,773,3.9,20133,19306,827,4.1,19552,18234,1318,6.7,19470,18560,910,4.7
42121,PA,"Venango County, PA",23175,21738,1437,6.2,22683,21528,1155,5.1,22657,21537,1120,4.9,22410,20410,2000,8.9,21865,20370,1495,6.8
42123,PA,"Warren County, PA",19481,18437,1044,5.4,19262,18373,889,4.6,19150,18262,888,4.6,18862,17332,1530,8.1,18026,16814,1212,6.7
42125,PA,"Washington County, PA",107341,101631,5710,5.3,107488,102663,4825,4.5,108359,103372,4987,4.6,106805,96787,10018,9.4,104785,97826,6959,6.6
42127,PA,"Wayne County, PA",22623,21448,1175,5.2,22639,21527,1112,4.9,22733,21628,1105,4.9,22391,20338,2053,9.2,22379,20898,1481,6.6
42129,PA,"Westmoreland County, PA",182464,172856,9608,5.3,181986,173627,8359,4.6,182809,174387,8422,4.6,178773,162500,16273,9.1,175353,164272,11081,6.3
42131,PA,"Wyoming County, PA",13977,13227,750,5.4,13756,13109,647,4.7,13697,13012,685,5.0,13340,12215,1125,8.4,13216,12380,836,6.3
42133,PA,"York County, PA",236803,226281,10522,4.4,237045,227519,9526,4.0,238484,229069,9415,3.9,236371,217448,18923,8.0,234914,222181,12733,5.4
44001,RI,"Bristol County, RI",26654,25619,1035,3.9,26714,25792,922,3.5,26644,25844,800,3.0,26049,24111,1938,7.4,26496,25239,1257,4.7
44003,RI,"Kent County, RI",92476,88649,3827,4.1,93212,89785,3427,3.7,93518,90524,2994,3.2,92814,84857,7957,8.6,93708,88828,4880,5.2
44005,RI,"Newport County, RI",45621,43823,1798,3.9,45483,43867,1616,3.6,45270,43864,1406,3.1,44473,40912,3561,8.0,45042,42827,2215,4.9
44007,RI,"Providence County, RI",332757,316683,16074,4.8,334606,319949,14657,4.4,336130,323216,12914,3.8,334632,301230,33402,10.0,335620,315326,20294,6.0
44009,RI,"Washington County, RI",70638,67778,2860,4.0,71137,68601,2536,3.6,70819,68609,2210,3.1,69088,63803,5285,7.6,70167,66749,3418,4.9
45001,SC,"Abbeville County, SC",9758,9316,442,4.5,9715,9334,381,3.9,9824,9502,322,3.3,9736,9107,629,6.5,9621,9184,437,4.5
45003,SC,"Aiken County, SC",72489,69563,2926,4.0,72399,70013,2386,3.3,73432,71349,2083,2.8,73641,70057,3584,4.9,74070,71580,2490,3.4
45005,SC,"Allendale County, SC",2646,2466,180,6.8,2702,2550,152,5.6,2594,2458,136,5.2,2547,2310,237,9.3,2445,2255,190,7.8
45007,SC,"Anderson County, SC",87576,84199,3377,3.9,88094,85287,2807,3.2,88935,86575,2360,2.7,88440,83340,5100,5.8,90029,86686,3343,3.7
45009,SC,"Bamberg County, SC",5031,4661,370,7.4,4898,4584,314,6.4,4831,4569,262,5.4,4742,4327,415,8.8,4691,4341,350,7.5
45011,SC,"Barnwell County, SC",7843,7378,465,5.9,8127,7745,382,4.7,7978,7645,333,4.2,7750,7193,557,7.2,7572,7079,493,6.5
45013,SC,"Beaufort County, SC",72775,69863,2912,4.0,74241,71877,2364,3.2,75746,73756,1990,2.6,74689,70743,3946,5.3,76131,73502,2629,3.5
45015,SC,"Berkeley County, SC",97791,94119,3672,3.8,99297,96329,2968,3.0,103381,100812,2569,2.5,104073,98469,5604,5.4,107149,103265,3884,3.6
45017,SC,"Calhoun County, SC",6597,6259,338,5.1,6372,6102,270,4.2,6406,6181,225,3.5,6339,5960,379,6.0,6411,6122,289,4.5
45019,SC,"Charleston County, SC",199512,192647,6865,3.4,201964,196411,5553,2.7,206718,202035,4683,2.3,206334,193644,12690,6.2,210944,203337,7607,3.6
45021,SC,"Cherokee County, SC",23326,22187,1139,4.9,24502,23625,877,3.6,24641,23905,736,3.0,24736,22807,1929,7.8,24817,23561,1256,5.1
45023,SC,"Chester County, SC",13030,12245,785,6.0,12801,12183,618,4.8,12927,12397,530,4.1,13154,11997,1157,8.8,13279,12490,789,5.9
45025,SC,"Chesterfield County, SC",21044,20149,895,4.3,21394,20710,684,3.2,21539,20926,613,2.8,21298,20043,1255,5.9,21543,20570,973,4.5
45027,SC,"Clarendon County, SC",12121,11409,712,5.9,12281,11714,567,4.6,12388,11918,470,3.8,12438,11621,817,6.6,12307,11701,606,4.9
45029,SC,"Colleton County, SC",16256,15490,766,4.7,16338,15695,643,3.9,16413,15903,510,3.1,16233,15272,961,5.9,16178,15470,708,4.4
45031,SC,"Darlington County, SC",29274,27757,1517,5.2,29427,28255,1172,4.0,29694,28703,991,3.3,29821,27944,1877,6.3,29869,28521,1348,4.5
45033,SC,"Dillon County, SC",12193,11506,687,5.6,12279,11697,582,4.7,12656,12149,507,4.0,12929,12156,773,6.0,13128,12367,761,5.8
45035,SC,"Dorchester County, SC",72640,69888,2752,3.8,74611,72392,2219,3.0,76350,74486,1864,2.4,75805,71521,4284,5.7,77830,75008,2822,3.6
45037,SC,"Edgefield County, SC",10363,9897,466,4.5,10381,10024,357,3.4,10503,10214,289,2.8,10352,9833,519,5.0,10394,10043,351,3.4
45039,SC,"Fairfield County, SC",9713,9009,704,7.2,9390,8811,579,6.2,9289,8882,407,4.4,9182,8462,720,7.8,9231,8691,540,5.8
45041,SC,"Florence County, SC",64043,61190,2853,4.5,64813,62498,2315,3.6,65547,63668,1879,2.9,65409,61858,3551,5.4,65981,63305,2676,4.1
45043,SC,"Georgetown County, SC",24362,23022,1340,5.5,24790,23671,1119,4.5,25179,24250,929,3.7,25508,23643,1865,7.3,25930,24692,1238,4.8
45045,SC,"Greenville County, SC",243310,234572,8738,3.6,246072,238985,7087,2.9,250437,244443,5994,2.4,251085,237271,13814,5.5,255544,246829,8715,3.4
45047,SC,"Greenwood County, SC",30094,28757,1337,4.4,30289,29199,1090,3.6,30719,29793,926,3.0,30692,28785,1907,6.2,30333,28958,1375,4.5
45049,SC,"Hampton County, SC",7944,7597,347,4.4,8142,7868,274,3.4,8186,7971,215,2.6,7975,7594,381,4.8,8019,7734,285,3.6
45051,SC,"Horry County, SC",140661,133715,6946,4.9,141890,135888,6002,4.2,144561,139392,5169,3.6,144273,132169,12104,8.4,148763,141225,7538,5.1
45053,SC,"Jasper County, SC",11773,11345,428,3.6,12096,11738,358,3.0,12589,12275,314,2.5,12780,12147,633,5.0,13121,12675,446,3.4
45055,SC,"Kershaw County, SC",28640,27375,1265,4.4,28237,27249,988,3.5,28761,27934,827,2.9,28830,27342,1488,5.2,29168,28084,1084,3.7
45057,SC,"Lancaster County, SC",38564,36799,1765,4.6,39249,37781,1468,3.7,40847,39502,1345,3.3,42172,39386,2786,6.6,42926,41056,1870,4.4
45059,SC,"Laurens County, SC",29228,27967,1261,4.3,29173,28144,1029,3.5,29350,28494,856,2.9,29285,27330,1955,6.7,29708,28428,1280,4.3
45061,SC,"Lee County, SC",6262,5894,368,5.9,6417,6127,290,4.5,6427,6177,250,3.9,6652,6157,495,7.4,6595,6228,367,5.6
45063,SC,"Lexington County, SC",145563,140415,5148,3.5,144732,140635,4097,2.8,147203,143835,3368,2.3,147607,141382,6225,4.2,149900,145337,4563,3.0
45065,SC,"McCormick County, SC",3299,3152,147,4.5,3318,3204,114,3.4,3304,3205,99,3.0,3273,3061,212,6.5,3334,3174,160,4.8
45067,SC,"Marion County, SC",12199,11311,888,7.3,12599,11912,687,5.5,12675,12138,537,4.2,12937,11953,984,7.6,12953,12094,859,6.6
45069,SC,"Marlboro County, SC",8953,8376,577,6.4,8945,8500,445,5.0,8913,8497,416,4.7,9051,8194,857,9.5,8840,8154,686,7.8
45071,SC,"Newberry County, SC",18020,17281,739,4.1,18483,17921,562,3.0,18675,18190,485,2.6,18800,17929,871,4.6,19262,18628,634,3.3
45073,SC,"Oconee County, SC",33373,31937,1436,4.3,33892,32769,1123,3.3,34141,33208,933,2.7,34191,32421,1770,5.2,34123,32885,1238,3.6
45075,SC,"Orangeburg County, SC",33891,31500,2391,7.1,33547,31638,1909,5.7,33873,32302,1571,4.6,33961,30969,2992,8.8,33801,31406,2395,7.1
45077,SC,"Pickens County, SC",55068,52830,2238,4.1,55499,53669,1830,3.3,56310,54750,1560,2.8,55575,52706,2869,5.2,56837,54866,1971,3.5
45079,SC,"Richland County, SC",194865,186698,8167,4.2,192047,185496,6551,3.4,193117,187840,5277,2.7,194203,183126,11077,5.7,196303,188213,8090,4.1
45081,SC,"Saluda County, SC",8692,8356,336,3.9,8568,8304,264,3.1,8612,8387,225,2.6,8320,7973,347,4.2,8409,8145,264,3.1
45083,SC,"Spartanburg County, SC",143524,137850,5674,4.0,146259,141770,4489,3.1,151568,147797,3771,2.5,155678,145822,9856,6.3,156109,149935,6174,4.0
45085,SC,"Sumter County, SC",43072,40864,2208,5.1,42702,41001,1701,4.0,42486,41081,1405,3.3,42871,40077,2794,6.5,42665,40705,1960,4.6
45087,SC,"Union County, SC",11280,10681,599,5.3,11147,10688,459,4.1,11282,10897,385,3.4,11431,10413,1018,8.9,11454,10712,742,6.5
45089,SC,"Williamsburg County, SC",11893,11148,745,6.3,11843,11203,640,5.4,11762,11239,523,4.4,11463,10541,922,8.0,11170,10487,683,6.1
45091,SC,"York County, SC",131218,126065,5153,3.9,133473,129186,4287,3.2,138428,134687,3741,2.7,142608,134279,8329,5.8,145482,140086,5396,3.7
46003,SD,"Aurora County, SD",1521,1481,40,2.6,1554,1512,42,2.7,1505,1470,35,2.3,1463,1419,44,3.0,1478,1443,35,2.4
46005,SD,"Beadle County, SD",9375,9129,246,2.6,9519,9286,233,2.4,9529,9274,255,2.7,9306,8971,335,3.6,9240,8978,262,2.8
46007,SD,"Bennett County, SD",1110,1065,45,4.1,1072,1028,44,4.1,1070,1020,50,4.7,1070,1019,51,4.8,1054,1009,45,4.3
46009,SD,"Bon Homme County, SD",2910,2831,79,2.7,2859,2792,67,2.3,2845,2770,75,2.6,2837,2729,108,3.8,2820,2740,80,2.8
46011,SD,"Brookings County, SD",18790,18246,544,2.9,18960,18458,502,2.6,18980,18451,529,2.8,18406,17649,757,4.1,18533,17940,593,3.2
46013,SD,"Brown County, SD",20910,20333,577,2.8,20760,20220,540,2.6,20626,20086,540,2.6,20458,19617,841,4.1,20545,19927,618,3.0
46015,SD,"Brule County, SD",2476,2407,69,2.8,2497,2435,62,2.5,2432,2366,66,2.7,2456,2354,102,4.2,2560,2495,65,2.5
46017,SD,"Buffalo County, SD",706,657,49,6.9,704,665,39,5.5,667,630,37,5.5,687,635,52,7.6,702,664,38,5.4
46019,SD,"Butte County, SD",5016,4852,164,3.3,5024,4871,153,3.0,5034,4888,146,2.9,4961,4711,250,5.0,5013,4843,170,3.4
46021,SD,"Campbell County, SD",831,805,26,3.1,781,752,29,3.7,765,741,24,3.1,780,754,26,3.3,774,748,26,3.4
46023,SD,"Charles Mix County, SD",3879,3748,131,3.4,3822,3711,111,2.9,3734,3615,119,3.2,3754,3531,223,5.9,3804,3663,141,3.7
46025,SD,"Clark County, SD",1882,1801,81,4.3,1899,1829,70,3.7,1895,1830,65,3.4,2142,2062,80,3.7,1925,1853,72,3.7
46027,SD,"Clay County, SD",7113,6898,215,3.0,7223,7032,191,2.6,7386,7177,209,2.8,7113,6810,303,4.3,7331,7114,217,3.0
46029,SD,"Codington County, SD",15193,14724,469,3.1,15290,14864,426,2.8,15441,15024,417,2.7,15370,14665,705,4.6,15673,15188,485,3.1
46031,SD,"Corson County, SD",1419,1364,55,3.9,1382,1330,52,3.8,1341,1275,66,4.9,1316,1255,61,4.6,1314,1252,62,4.7
46033,SD,"Custer County, SD",4027,3867,160,4.0,3984,3834,150,3.8,4051,3897,154,3.8,4026,3796,230,5.7,4119,3954,165,4.0
46035,SD,"Davison County, SD",11012,10718,294,2.7,10994,10729,265,2.4,11008,10733,275,2.5,10874,10449,425,3.9,10891,10589,302,2.8
46037,SD,"Day County, SD",2821,2715,106,3.8,2770,2660,110,4.0,2721,2614,107,3.9,2680,2537,143,5.3,2682,2567,115,4.3
46039,SD,"Deuel County, SD",2192,2093,99,4.5,2154,2066,88,4.1,2163,2073,90,4.2,2313,2198,115,5.0,2293,2197,96,4.2
46041,SD,"Dewey County, SD",2235,2026,209,9.4,2204,2025,179,8.1,2197,2041,156,7.1,2294,2133,161,7.0,2288,2153,135,5.9
46043,SD,"Douglas County, SD",1594,1550,44,2.8,1560,1522,38,2.4,1564,1525,39,2.5,1542,1500,42,2.7,1529,1491,38,2.5
46045,SD,"Edmunds County, SD",2111,2056,55,2.6,2055,2005,50,2.4,2024,1971,53,2.6,1978,1924,54,2.7,2013,1959,54,2.7
46047,SD,"Fall River County, SD",2974,2863,111,3.7,2991,2887,104,3.5,2967,2859,108,3.6,2996,2828,168,5.6,3071,2947,124,4.0
46049,SD,"Faulk County, SD",1098,1067,31,2.8,1091,1061,30,2.7,1047,1018,29,2.8,1030,996,34,3.3,1055,1026,29,2.7
46051,SD,"Grant County, SD",4447,4302,145,3.3,4425,4294,131,3.0,4396,4269,127,2.9,4344,4181,163,3.8,4329,4181,148,3.4
46053,SD,"Gregory County, SD",2049,1983,66,3.2,2034,1973,61,3.0,2020,1960,60,3.0,2030,1958,72,3.5,2069,2011,58,2.8
46055,SD,"Haakon County, SD",1102,1073,29,2.6,1067,1041,26,2.4,1044,1017,27,2.6,1051,1026,25,2.4,1041,1012,29,2.8
46057,SD,"Hamlin County, SD",3145,3039,106,3.4,3233,3139,94,2.9,3300,3207,93,2.8,3344,3236,108,3.2,3454,3371,83,2.4
46059,SD,"Hand County, SD",1821,1780,41,2.3,1804,1766,38,2.1,1762,1721,41,2.3,1739,1696,43,2.5,1750,1707,43,2.5
46061,SD,"Hanson County, SD",1769,1702,67,3.8,1742,1667,75,4.3,1766,1695,71,4.0,1749,1665,84,4.8,1757,1687,70,4.0
46063,SD,"Harding County, SD",725,705,20,2.8,727,711,16,2.2,734,717,17,2.3,716,692,24,3.4,718,698,20,2.8
46065,SD,"Hughes County, SD",10005,9750,255,2.5,9853,9621,232,2.4,9922,9696,226,2.3,9818,9511,307,3.1,9881,9640,241,2.4
46067,SD,"Hutchinson County, SD",3605,3503,102,2.8,3561,3471,90,2.5,3572,3478,94,2.6,3588,3461,127,3.5,3604,3492,112,3.1
46069,SD,"Hyde County, SD",683,663,20,2.9,675,657,18,2.7,683,663,20,2.9,666,646,20,3.0,649,632,17,2.6
46071,SD,"Jackson County, SD",1320,1251,69,5.2,1275,1217,58,4.5,1263,1203,60,4.8,1201,1153,48,4.0,1215,1161,54,4.4
46073,SD,"Jerauld County, SD",1138,1113,25,2.2,1112,1087,25,2.2,1114,1087,27,2.4,1190,1163,27,2.3,1331,1302,29,2.2
46075,SD,"Jones County, SD",560,545,15,2.7,551,538,13,2.4,536,522,14,2.6,519,501,18,3.5,522,504,18,3.4
46077,SD,"Kingsbury County, SD",2674,2596,78,2.9,2648,2578,70,2.6,2657,2587,70,2.6,2660,2568,92,3.5,2701,2623,78,2.9
46079,SD,"Lake County, SD",6489,6259,230,3.5,6616,6408,208,3.1,6607,6406,201,3.0,6426,6196,230,3.6,6548,6349,199,3.0
46081,SD,"Lawrence County, SD",13025,12631,394,3.0,13011,12660,351,2.7,13322,12958,364,2.7,13488,12703,785,5.8,13789,13370,419,3.0
46083,SD,"Lincoln County, SD",32912,32160,752,2.3,33749,33026,723,2.1,35520,34744,776,2.2,36033,34811,1222,3.4,36741,35841,900,2.4
46085,SD,"Lyman County, SD",1743,1662,81,4.6,1690,1625,65,3.8,1669,1601,68,4.1,1658,1568,90,5.4,1691,1617,74,4.4
46087,SD,"McCook County, SD",3055,2976,79,2.6,3029,2959,70,2.3,3066,2990,76,2.5,2978,2874,104,3.5,3045,2961,84,2.8
46089,SD,"McPherson County, SD",1047,1014,33,3.2,1018,982,36,3.5,991,955,36,3.6,990,942,48,4.8,962,922,40,4.2
46091,SD,"Marshall County, SD",2393,2294,99,4.1,2413,2328,85,3.5,2345,2270,75,3.2,2406,2299,107,4.4,2420,2335,85,3.5
46093,SD,"Meade County, SD",13937,13497,440,3.2,13949,13522,427,3.1,13898,13468,430,3.1,13789,13146,643,4.7,14140,13712,428,3.0
46095,SD,"Mellette County, SD",763,728,35,4.6,744,711,33,4.4,737,701,36,4.9,708,666,42,5.9,729,696,33,4.5
46097,SD,"Miner County, SD",1194,1161,33,2.8,1189,1159,30,2.5,1168,1137,31,2.7,1141,1090,51,4.5,1167,1131,36,3.1
46099,SD,"Minnehaha County, SD",109127,106265,2862,2.6,110228,107551,2677,2.4,111816,109061,2755,2.5,112711,107919,4792,4.3,114373,111108,3265,2.9
46101,SD,"Moody County, SD",3976,3840,136,3.4,3990,3880,110,2.8,4023,3899,124,3.1,4000,3806,194,4.9,4002,3890,112,2.8
46102,SD,"Oglala Lakota County, SD",3602,3215,387,10.7,3540,3200,340,9.6,3511,3217,294,8.4,3765,3418,347,9.2,3998,3649,349,8.7
46103,SD,"Pennington County, SD",55619,53883,1736,3.1,55871,54285,1586,2.8,56714,55059,1655,2.9,57063,54232,2831,5.0,58416,56546,1870,3.2
46105,SD,"Perkins County, SD",1590,1548,42,2.6,1437,1399,38,2.6,1407,1370,37,2.6,1365,1318,47,3.4,1392,1349,43,3.1
46107,SD,"Potter County, SD",1121,1086,35,3.1,1085,1050,35,3.2,1028,1000,28,2.7,1018,987,31,3.0,1050,1018,32,3.0
46109,SD,"Roberts County, SD",4809,4595,214,4.4,4816,4625,191,4.0,4795,4619,176,3.7,4797,4511,286,6.0,4726,4509,217,4.6
46111,SD,"Sanborn County, SD",1173,1134,39,3.3,1145,1114,31,2.7,1131,1102,29,2.6,1154,1110,44,3.8,1184,1148,36,3.0
46115,SD,"Spink County, SD",3226,3124,102,3.2,3224,3120,104,3.2,3154,3062,92,2.9,3075,2959,116,3.8,3067,2969,98,3.2
46117,SD,"Stanley County, SD",1863,1805,58,3.1,1827,1783,44,2.4,1888,1840,48,2.5,1903,1834,69,3.6,1919,1861,58,3.0
46119,SD,"Sully County, SD",833,809,24,2.9,802,783,19,2.4,796,776,20,2.5,787,766,21,2.7,810,779,31,3.8
46121,SD,"Todd County, SD",3126,2934,192,6.1,3118,2940,178,5.7,3128,2955,173,5.5,3043,2858,185,6.1,3111,2963,148,4.8
46123,SD,"Tripp County, SD",3032,2953,79,2.6,3090,3019,71,2.3,3051,2976,75,2.5,2984,2897,87,2.9,3004,2933,71,2.4
46125,SD,"Turner County, SD",4664,4525,139,3.0,4634,4517,117,2.5,4629,4507,122,2.6,4550,4380,170,3.7,4643,4519,124,2.7
46127,SD,"Union County, SD",8027,7758,269,3.4,8366,8123,243,2.9,8575,8327,248,2.9,8597,8191,406,4.7,8619,8311,308,3.6
46129,SD,"Walworth County, SD",2230,2126,104,4.7,2202,2102,100,4.5,2094,1996,98,4.7,2116,1995,121,5.7,2159,2041,118,5.5
46135,SD,"Yankton County, SD",11590,11278,312,2.7,11783,11497,286,2.4,11858,11568,290,2.4,11676,11175,501,4.3,11629,11313,316,2.7
46137,SD,"Ziebach County, SD",935,889,46,4.9,917,873,44,4.8,927,883,44,4.7,942,902,40,4.2,952,909,43,4.5
47001,TN,"Anderson County, TN",33916,32580,1336,3.9,34280,32989,1291,3.8,34803,33563,1240,3.6,34328,32035,2293,6.7,34816,33483,1333,3.8
47003,TN,"Bedford County, TN",20553,19743,810,3.9,20798,20017,781,3.8,21147,20354,793,3.7,21043,19377,1666,7.9,21191,20320,871,4.1
47005,TN,"Benton County, TN",6726,6363,363,5.4,6905,6568,337,4.9,6926,6617,309,4.5,6782,6248,534,7.9,6786,6462,324,4.8
47007,TN,"Bledsoe County, TN",4301,4048,253,5.9,4236,3985,251,5.9,4337,4100,237,5.5,4290,3931,359,8.4,4311,4086,225,5.2
47009,TN,"Blount County, TN",61692,59519,2173,3.5,62756,60734,2022,3.2,64268,62219,2049,3.2,63745,59710,4035,6.3,64582,62359,2223,3.4
47011,TN,"Bradley County, TN",50918,49064,1854,3.6,50606,48796,1810,3.6,52588,50772,1816,3.5,52569,49146,3423,6.5,50805,48732,2073,4.1
47013,TN,"Campbell County, TN",14634,13872,762,5.2,14684,13983,701,4.8,14917,14230,687,4.6,14587,13489,1098,7.5,14796,14092,704,4.8
47015,TN,"Cannon County, TN",6206,5986,220,3.5,6435,6232,203,3.2,6673,6468,205,3.1,6525,6102,423,6.5,6657,6432,225,3.4
47017,TN,"Carroll County, TN",11947,11332,615,5.1,12057,11463,594,4.9,12055,11473,582,4.8,11426,10583,843,7.4,11437,10915,522,4.6
47019,TN,"Carter County, TN",23902,22813,1089,4.6,23898,22907,991,4.1,24166,23185,981,4.1,23679,22074,1605,6.8,24094,23081,1013,4.2
47021,TN,"Cheatham County, TN",20868,20229,639,3.1,21378,20789,589,2.8,21948,21368,580,2.6,21366,20160,1206,5.6,22015,21330,685,3.1
47023,TN,"Chester County, TN",8343,8011,332,4.0,8516,8197,319,3.7,8623,8327,296,3.4,8473,8007,466,5.5,8507,8228,279,3.3
47025,TN,"Claiborne County, TN",12721,12120,601,4.7,13001,12449,552,4.2,13143,12591,552,4.2,12786,11840,946,7.4,12760,12237,523,4.1
47027,TN,"Clay County, TN",3036,2880,156,5.1,2875,2734,141,4.9,2793,2626,167,6.0,2704,2495,209,7.7,2757,2612,145,5.3
47029,TN,"Cocke County, TN",14618,13850,768,5.3,14927,14229,698,4.7,15071,14383,688,4.6,14864,13333,1531,10.3,14771,13952,819,5.5
47031,TN,"Coffee County, TN",24974,24059,915,3.7,24830,23953,877,3.5,25743,24883,860,3.3,25676,23646,2030,7.9,25220,24192,1028,4.1
47033,TN,"Crockett County, TN",6967,6678,289,4.1,6963,6694,269,3.9,6997,6753,244,3.5,6828,6438,390,5.7,6833,6589,244,3.6
47035,TN,"Cumberland County, TN",23414,22323,1091,4.7,23370,22348,1022,4.4,23513,22445,1068,4.5,22789,21080,1709,7.5,22618,21539,1079,4.8
47037,TN,"Davidson County, TN",385091,374319,10772,2.8,394751,384282,10469,2.7,403956,393666,10290,2.5,399262,366706,32556,8.2,404747,387756,16991,4.2
47039,TN,"Decatur County, TN",4675,4431,244,5.2,4504,4278,226,5.0,4565,4319,246,5.4,4442,4062,380,8.6,4308,4061,247,5.7
47041,TN,"DeKalb County, TN",7671,7302,369,4.8,7768,7420,348,4.5,7816,7474,342,4.4,7675,6981,694,9.0,7758,7409,349,4.5
47043,TN,"Dickson County, TN",25555,24697,858,3.4,26378,25577,801,3.0,27215,26392,823,3.0,26347,24786,1561,5.9,27087,26174,913,3.4
47045,TN,"Dyer County, TN",16106,15325,781,4.8,16218,15477,741,4.6,16465,15663,802,4.9,15910,14659,1251,7.9,16075,15333,742,4.6
47047,TN,"Fayette County, TN",18606,17861,745,4.0,19017,18310,707,3.7,19593,18882,711,3.6,19197,18015,1182,6.2,19283,18489,794,4.1
47049,TN,"Fentress County, TN",7096,6774,322,4.5,7208,6909,299,4.1,7532,7215,317,4.2,7520,7052,468,6.2,7526,7223,303,4.0
47051,TN,"Franklin County, TN",19858,19106,752,3.8,19902,19229,673,3.4,20280,19597,683,3.4,19902,18311,1591,8.0,19463,18718,745,3.8
47053,TN,"Gibson County, TN",21297,20321,976,4.6,21884,20931,953,4.4,22081,21143,938,4.2,21800,20334,1466,6.7,21522,20600,922,4.3
47055,TN,"Giles County, TN",15556,15026,530,3.4,15313,14755,558,3.6,15083,14504,579,3.8,14640,13427,1213,8.3,14638,14005,633,4.3
47057,TN,"Grainger County, TN",9329,8932,397,4.3,9388,9017,371,4.0,9580,9191,389,4.1,9491,8818,673,7.1,9603,9198,405,4.2
47059,TN,"Greene County, TN",30377,28988,1389,4.6,29882,28500,1382,4.6,29923,28532,1391,4.6,28894,26558,2336,8.1,28818,27552,1266,4.4
47061,TN,"Grundy County, TN",4833,4591,242,5.0,4903,4687,216,4.4,5024,4815,209,4.2,5127,4620,507,9.9,5030,4757,273,5.4
47063,TN,"Hamblen County, TN",27322,26215,1107,4.1,27600,26546,1054,3.8,28259,27167,1092,3.9,27937,25970,1967,7.0,27883,26771,1112,4.0
47065,TN,"Hamilton County, TN",176739,170280,6459,3.7,181223,175103,6120,3.4,185626,179605,6021,3.2,183042,170177,12865,7.0,184161,176741,7420,4.0
47067,TN,"Hancock County, TN",2047,1928,119,5.8,2128,2025,103,4.8,2132,2007,125,5.9,2195,2016,179,8.2,2253,2144,109,4.8
47069,TN,"Hardeman County, TN",9222,8742,480,5.2,9385,8926,459,4.9,9516,9041,475,5.0,9286,8556,730,7.9,8964,8423,541,6.0
47071,TN,"Hardin County, TN",10406,9914,492,4.7,10352,9899,453,4.4,10399,9955,444,4.3,10260,9553,707,6.9,10193,9735,458,4.5
47073,TN,"Hawkins County, TN",23691,22678,1013,4.3,23793,22846,947,4.0,23978,22989,989,4.1,23389,21605,1784,7.6,23137,22112,1025,4.4
47075,TN,"Haywood County, TN",7803,7396,407,5.2,7743,7332,411,5.3,7738,7364,374,4.8,7775,7107,668,8.6,7624,7175,449,5.9
47077,TN,"Henderson County, TN",11901,11288,613,5.2,12022,11458,564,4.7,12247,11708,539,4.4,11889,10939,950,8.0,11873,11356,517,4.4
47079,TN,"Henry County, TN",13988,13352,636,4.5,14255,13658,597,4.2,14215,13622,593,4.2,14139,13146,993,7.0,14147,13585,562,4.0
47081,TN,"Hickman County, TN",10849,10476,373,3.4,11178,10816,362,3.2,11461,11108,353,3.1,11100,10458,642,5.8,11445,11047,398,3.5
47083,TN,"Houston County, TN",3204,3017,187,5.8,3244,3067,177,5.5,3286,3136,150,4.6,3246,2995,251,7.7,3208,3053,155,4.8
47085,TN,"Humphreys County, TN",8799,8417,382,4.3,8848,8470,378,4.3,8984,8641,343,3.8,8692,8160,532,6.1,8650,8316,334,3.9
47087,TN,"Jackson County, TN",4602,4355,247,5.4,4607,4391,216,4.7,4685,4469,216,4.6,4716,4345,371,7.9,4773,4566,207,4.3
47089,TN,"Jefferson County, TN",23922,22954,968,4.0,24142,23229,913,3.8,24771,23852,919,3.7,24946,23080,1866,7.5,24817,23796,1021,4.1
47091,TN,"Johnson County, TN",7602,7303,299,3.9,7585,7322,263,3.5,7754,7484,270,3.5,7682,7202,480,6.2,7761,7488,273,3.5
47093,TN,"Knox County, TN",237653,230101,7552,3.2,241067,233982,7085,2.9,246230,239072,7158,2.9,243232,229028,14204,5.8,247312,239274,8038,3.3
47095,TN,"Lake County, TN",1842,1739,103,5.6,1806,1714,92,5.1,1734,1639,95,5.5,1679,1544,135,8.0,1659,1560,99,6.0
47097,TN,"Lauderdale County, TN",9409,8865,544,5.8,9688,9127,561,5.8,9753,9225,528,5.4,9690,8847,843,8.7,9621,9047,574,6.0
47099,TN,"Lawrence County, TN",17802,17019,783,4.4,18494,17749,745,4.0,19255,18462,793,4.1,19255,17774,1481,7.7,19378,18549,829,4.3
47101,TN,"Lewis County, TN",4949,4723,226,4.6,5075,4850,225,4.4,5222,5010,212,4.1,5343,4944,399,7.5,5555,5294,261,4.7
47103,TN,"Lincoln County, TN",16303,15771,532,3.3,16721,16211,510,3.1,16856,16247,609,3.6,15974,14633,1341,8.4,16155,15500,655,4.1
47105,TN,"Loudon County, TN",22663,21827,836,3.7,23174,22389,785,3.4,23893,23083,810,3.4,23711,22242,1469,6.2,23966,23152,814,3.4
47107,TN,"McMinn County, TN",22688,21694,994,4.4,22762,21831,931,4.1,23645,22747,898,3.8,23319,21510,1809,7.8,22540,21517,1023,4.5
47109,TN,"McNairy County, TN",8550,8067,483,5.6,8302,7847,455,5.5,8484,8034,450,5.3,8355,7660,695,8.3,8335,7890,445,5.3
47111,TN,"Macon County, TN",10719,10351,368,3.4,11001,10649,352,3.2,11404,11049,355,3.1,11162,10440,722,6.5,11349,10934,415,3.7
47113,TN,"Madison County, TN",48128,46233,1895,3.9,48762,46925,1837,3.8,49529,47770,1759,3.6,49371,45711,3660,7.4,49358,47131,2227,4.5
47115,TN,"Marion County, TN",12053,11466,587,4.9,12345,11769,576,4.7,12636,12095,541,4.3,12271,11352,919,7.5,12328,11797,531,4.3
47117,TN,"Marshall County, TN",15105,14577,528,3.5,15481,14945,536,3.5,15816,15254,562,3.6,15479,14074,1405,9.1,15495,14798,697,4.5
47119,TN,"Maury County, TN",46062,44566,1496,3.2,48274,46719,1555,3.2,50401,48796,1605,3.2,51074,46981,4093,8.0,52080,49615,2465,4.7
47121,TN,"Meigs County, TN",5003,4741,262,5.2,5074,4842,232,4.6,5210,4974,236,4.5,5193,4745,448,8.6,5162,4911,251,4.9
47123,TN,"Monroe County, TN",19668,18877,791,4.0,20014,19275,739,3.7,20361,19619,742,3.6,20157,18549,1608,8.0,20635,19850,785,3.8
47125,TN,"Montgomery County, TN",82061,78699,3362,4.1,84169,80928,3241,3.9,86807,83519,3288,3.8,86946,80428,6518,7.5,87746,83799,3947,4.5
47127,TN,"Moore County, TN",3483,3374,109,3.1,3505,3398,107,3.1,3634,3528,106,2.9,3613,3421,192,5.3,3577,3483,94,2.6
47129,TN,"Morgan County, TN",7810,7427,383,4.9,7817,7466,351,4.5,7809,7488,321,4.1,7583,7106,477,6.3,7731,7397,334,4.3
47131,TN,"Obion County, TN",12227,11555,672,5.5,12292,11685,607,4.9,12514,11903,611,4.9,12168,11351,817,6.7,12285,11710,575,4.7
47133,TN,"Overton County, TN",9535,9140,395,4.1,9813,9444,369,3.8,9974,9595,379,3.8,9740,9129,611,6.3,9950,9594,356,3.6
47135,TN,"Perry County, TN",3240,3084,156,4.8,3255,3116,139,4.3,3126,2969,157,5.0,2962,2679,283,9.6,2889,2682,207,7.2
47137,TN,"Pickett County, TN",2450,2342,108,4.4,2442,2348,94,3.8,2353,2243,110,4.7,2237,2103,134,6.0,2200,2116,84,3.8
47139,TN,"Polk County, TN",7397,7061,336,4.5,7313,7006,307,4.2,7469,7169,300,4.0,7384,6883,501,6.8,7119,6826,293,4.1
47141,TN,"Putnam County, TN",34023,32725,1298,3.8,34489,33257,1232,3.6,35243,34004,1239,3.5,35093,32839,2254,6.4,35527,34214,1313,3.7
47143,TN,"Rhea County, TN",13244,12384,860,6.5,13142,12404,738,5.6,13398,12635,763,5.7,13115,11861,1254,9.6,13588,12936,652,4.8
47145,TN,"Roane County, TN",22953,21939,1014,4.4,23127,22174,953,4.1,23475,22521,954,4.1,22969,21521,1448,6.3,23377,22451,926,4.0
47147,TN,"Robertson County, TN",36008,34776,1232,3.4,37169,36000,1169,3.1,38342,37230,1112,2.9,37208,34951,2257,6.1,38067,36806,1261,3.3
47149,TN,"Rutherford County, TN",171748,166744,5004,2.9,179778,174943,4835,2.7,187745,182901,4844,2.6,186794,173859,12935,6.9,190190,183656,6534,3.4
47151,TN,"Scott County, TN",8176,7759,417,5.1,8290,7923,367,4.4,8423,8054,369,4.4,8149,7467,682,8.4,8020,7613,407,5.1
47153,TN,"Sequatchie County, TN",5967,5666,301,5.0,6105,5842,263,4.3,6260,5996,264,4.2,6166,5690,476,7.7,6189,5916,273,4.4
47155,TN,"Sevier County, TN",52208,50105,2103,4.0,53293,51443,1850,3.5,55129,53320,1809,3.3,54099,48842,5257,9.7,54854,52705,2149,3.9
47157,TN,"Shelby County, TN",437734,418685,19049,4.4,442606,424233,18373,4.2,449046,431035,18011,4.0,447173,404828,42345,9.5,447442,416969,30473,6.8
47159,TN,"Smith County, TN",8925,8604,321,3.6,9226,8945,281,3.0,9532,9245,287,3.0,9240,8683,557,6.0,9471,9156,315,3.3
47161,TN,"Stewart County, TN",5190,4911,279,5.4,5308,5046,262,4.9,5549,5301,248,4.5,5411,5070,341,6.3,5377,5156,221,4.1
47163,TN,"Sullivan County, TN",70056,67226,2830,4.0,70489,67894,2595,3.7,70928,68302,2626,3.7,69267,64374,4893,7.1,68879,65973,2906,4.2
47165,TN,"Sumner County, TN",95897,93026,2871,3.0,99967,97188,2779,2.8,104341,101534,2807,2.7,103421,96746,6675,6.5,105810,102294,3516,3.3
47167,TN,"Tipton County, TN",27625,26401,1224,4.4,28041,26860,1181,4.2,28370,27268,1102,3.9,27619,25795,1824,6.6,27707,26518,1189,4.3
47169,TN,"Trousdale County, TN",4755,4590,165,3.5,5302,5131,171,3.2,5544,5375,169,3.0,5426,5089,337,6.2,5571,5367,204,3.7
47171,TN,"Unicoi County, TN",7058,6679,379,5.4,7051,6705,346,4.9,7194,6836,358,5.0,7020,6468,552,7.9,7062,6715,347,4.9
47173,TN,"Union County, TN",7385,7061,324,4.4,7532,7226,306,4.1,7726,7413,313,4.1,7628,7110,518,6.8,7751,7441,310,4.0
47175,TN,"Van Buren County, TN",2091,2002,89,4.3,2066,1968,98,4.7,2065,1971,94,4.6,2014,1843,171,8.5,2014,1914,100,5.0
47177,TN,"Warren County, TN",17173,16494,679,4.0,16783,16116,667,4.0,16994,16299,695,4.1,17232,15712,1520,8.8,16806,16019,787,4.7
47179,TN,"Washington County, TN",59570,57321,2249,3.8,60117,57993,2124,3.5,61093,58994,2099,3.4,60313,56528,3785,6.3,61172,59000,2172,3.6
47181,TN,"Wayne County, TN",6129,5807,322,5.3,6158,5861,297,4.8,6320,6028,292,4.6,6356,5924,432,6.8,6286,6031,255,4.1
47183,TN,"Weakley County, TN",15781,15014,767,4.9,15992,15317,675,4.2,16137,15487,650,4.0,15467,14587,880,5.7,15461,14878,583,3.8
47185,TN,"White County, TN",11915,11440,475,4.0,12282,11840,442,3.6,12322,11866,456,3.7,12068,11221,847,7.0,11843,11379,464,3.9
47187,TN,"Williamson County, TN",119700,116468,3232,2.7,125351,122232,3119,2.5,131762,128542,3220,2.4,129427,123362,6065,4.7,133778,130456,3322,2.5
47189,TN,"Wilson County, TN",71042,68930,2112,3.0,74821,72745,2076,2.8,78621,76501,2120,2.7,77895,72992,4903,6.3,79606,77054,2552,3.2
48001,TX,"Anderson County, TX",23085,22238,847,3.7,23169,22444,725,3.1,23188,22508,680,2.9,22869,21569,1300,5.7,23234,22109,1125,4.8
48003,TX,"Andrews County, TX",8934,8656,278,3.1,9321,9095,226,2.4,9794,9570,224,2.3,9127,8378,749,8.2,8992,8465,527,5.9
48005,TX,"Angelina County, TX",36379,34514,1865,5.1,35702,34134,1568,4.4,35337,33922,1415,4.0,35185,32500,2685,7.6,35754,33431,2323,6.5
48007,TX,"Aransas County, TX",10258,9553,705,6.9,9478,8910,568,6.0,9173,8780,393,4.3,9103,8342,761,8.4,9256,8584,672,7.3
48009,TX,"Archer County, TX",4110,3971,139,3.4,4101,3975,126,3.1,3960,3848,112,2.8,3942,3735,207,5.3,3975,3808,167,4.2
48011,TX,"Armstrong County, TX",911,887,24,2.6,913,888,25,2.7,919,894,25,2.7,891,853,38,4.3,920,887,33,3.6
48013,TX,"Atascosa County, TX",20787,19895,892,4.3,21207,20401,806,3.8,21483,20710,773,3.6,21480,19645,1835,8.5,21901,20550,1351,6.2
48015,TX,"Austin County, TX",13703,13094,609,4.4,13730,13223,507,3.7,13809,13333,476,3.4,13362,12474,888,6.6,13696,12940,756,5.5
48017,TX,"Bailey County, TX",2641,2527,114,4.3,2594,2479,115,4.4,2470,2379,91,3.7,2369,2256,113,4.8,2411,2292,119,4.9
48019,TX,"Bandera County, TX",9668,9316,352,3.6,9843,9505,338,3.4,9929,9602,327,3.3,9872,9298,574,5.8,10227,9745,482,4.7
48021,TX,"Bastrop County, TX",39895,38452,1443,3.6,41270,39866,1404,3.4,42185,40894,1291,3.1,42433,39877,2556,6.0,45101,43084,2017,4.5
48023,TX,"Baylor County, TX",1577,1523,54,3.4,1540,1491,49,3.2,1731,1692,39,2.3,1756,1696,60,3.4,1816,1755,61,3.4
48025,TX,"Bee County, TX",9898,9252,646,6.5,9846,9342,504,5.1,9708,9280,428,4.4,9748,8781,967,9.9,9293,8484,809,8.7
48027,TX,"Bell County, TX",141063,135005,6058,4.3,141237,135339,5898,4.2,142089,136616,5473,3.9,143703,133640,10063,7.0,147526,139057,8469,5.7
48029,TX,"Bexar County, TX",917323,884586,32737,3.6,927183,895880,31303,3.4,932179,902782,29397,3.2,927557,856813,70744,7.6,945855,895189,50666,5.4
48031,TX,"Blanco County, TX",6181,6009,172,2.8,6189,6026,163,2.6,6434,6277,157,2.4,6530,6279,251,3.8,6866,6638,228,3.3
48033,TX,"Borden County, TX",320,309,11,3.4,340,329,11,3.2,400,390,10,2.5,438,423,15,3.4,581,567,14,2.4
48035,TX,"Bosque County, TX",8135,7808,327,4.0,8137,7833,304,3.7,8214,7933,281,3.4,8185,7738,447,5.5,8429,8044,385,4.6
48037,TX,"Bowie County, TX",38986,37186,1800,4.6,39101,37159,1942,5.0,39150,37408,1742,4.4,38412,35569,2843,7.4,39047,36770,2277,5.8
48039,TX,"Brazoria County, TX",172006,162805,9201,5.3,174880,166883,7997,4.6,177569,170069,7500,4.2,177312,162103,15209,8.6,180207,167799,12408,6.9
48041,TX,"Brazos County, TX",112185,108698,3487,3.1,115352,112032,3320,2.9,117312,114136,3176,2.7,116321,110128,6193,5.3,121046,116075,4971,4.1
48043,TX,"Brewster County, TX",3938,3799,139,3.5,4006,3871,135,3.4,4141,4020,121,2.9,4069,3800,269,6.6,4181,3991,190,4.5
48045,TX,"Briscoe County, TX",550,526,24,4.4,554,532,22,4.0,571,551,20,3.5,549,523,26,4.7,574,547,27,4.7
48047,TX,"Brooks County, TX",2415,2214,201,8.3,2429,2272,157,6.5,2586,2454,132,5.1,2571,2297,274,10.7,2499,2268,231,9.2
48049,TX,"Brown County, TX",15971,15347,624,3.9,15868,15272,596,3.8,15479,14904,575,3.7,15123,14143,980,6.5,15267,14475,792,5.2
48051,TX,"Burleson County, TX",7933,7597,336,4.2,8145,7849,296,3.6,8181,7926,255,3.1,8074,7560,514,6.4,8396,7977,419,5.0
48053,TX,"Burnet County, TX",22106,21398,708,3.2,22698,22038,660,2.9,23308,22671,637,2.7,23517,22399,1118,4.8,24594,23676,918,3.7
48055,TX,"Caldwell County, TX",18371,17645,726,4.0,18908,18212,696,3.7,19145,18492,653,3.4,18814,17593,1221,6.5,19988,19008,980,4.9
48057,TX,"Calhoun County, TX",10419,9813,606,5.8,11103,10644,459,4.1,11983,11598,385,3.2,11845,11155,690,5.8,12224,11625,599,4.9
48059,TX,"Callahan County, TX",5867,5652,215,3.7,5926,5725,201,3.4,5987,5802,185,3.1,5942,5619,323,5.4,6134,5850,284,4.6
48061,TX,"Cameron County, TX",165051,153499,11552,7.0,164356,154162,10194,6.2,164659,155573,9086,5.5,169311,152198,17113,10.1,175073,160786,14287,8.2
48063,TX,"Camp County, TX",4991,4706,285,5.7,4952,4708,244,4.9,4910,4704,206,4.2,4952,4586,366,7.4,5116,4812,304,5.9
48065,TX,"Carson County, TX",3007,2909,98,3.3,2966,2882,84,2.8,2945,2869,76,2.6,2854,2734,120,4.2,2958,2844,114,3.9
48067,TX,"Cass County, TX",12104,11377,727,6.0,12180,11561,619,5.1,12229,11700,529,4.3,12132,11172,960,7.9,12386,11556,830,6.7
48069,TX,"Castro County, TX",3368,3256,112,3.3,3430,3331,99,2.9,3378,3285,93,2.8,3249,3131,118,3.6,3380,3263,117,3.5
48071,TX,"Chambers County, TX",18785,17554,1231,6.6,19088,18052,1036,5.4,19674,18786,888,4.5,20207,18316,1891,9.4,20681,18967,1714,8.3
48073,TX,"Cherokee County, TX",20626,19682,944,4.6,20698,19839,859,4.2,20760,19975,785,3.8,20980,19316,1664,7.9,20864,19527,1337,6.4
48075,TX,"Childress County, TX",2888,2802,86,3.0,2923,2845,78,2.7,2923,2844,79,2.7,2995,2884,111,3.7,3011,2903,108,3.6
48077,TX,"Clay County, TX",4867,4694,173,3.6,4877,4722,155,3.2,4853,4704,149,3.1,4772,4508,264,5.5,4831,4593,238,4.9
48079,TX,"Cochran County, TX",1125,1073,52,4.6,1089,1041,48,4.4,1113,1075,38,3.4,1105,1026,79,7.1,1072,1004,68,6.3
48081,TX,"Coke County, TX",1390,1338,52,3.7,1441,1391,50,3.5,1434,1387,47,3.3,1353,1279,74,5.5,1365,1300,65,4.8
48083,TX,"Coleman County, TX",3045,2908,137,4.5,2911,2796,115,4.0,2826,2711,115,4.1,2844,2635,209,7.3,2937,2761,176,6.0
48085,TX,"Collin County, TX",528152,509750,18402,3.5,546135,527817,18318,3.4,565064,547629,17435,3.1,575879,539871,36008,6.3,599164,573302,25862,4.3
48087,TX,"Collingsworth County, TX",1157,1116,41,3.5,1171,1134,37,3.2,1133,1098,35,3.1,1061,1016,45,4.2,1090,1043,47,4.3
48089,TX,"Colorado County, TX",9674,9285,389,4.0,9583,9264,319,3.3,9729,9427,302,3.1,9604,9070,534,5.6,9907,9436,471,4.8
48091,TX,"Comal County, TX",68278,65963,2315,3.4,71677,69372,2305,3.2,75124,72890,2234,3.0,76810,72136,4674,6.1,79105,75529,3576,4.5
48093,TX,"Comanche County, TX",5266,5070,196,3.7,5321,5129,192,3.6,5516,5337,179,3.2,5584,5277,307,5.5,6032,5756,276,4.6
48095,TX,"Concho County, TX",1204,1153,51,4.2,1087,1047,40,3.7,1239,1200,39,3.1,1321,1262,59,4.5,1350,1293,57,4.2
48097,TX,"Cooke County, TX",18712,18033,679,3.6,18990,18398,592,3.1,19596,19043,553,2.8,19111,17756,1355,7.1,19360,18384,976,5.0
48099,TX,"Coryell County, TX",24218,23149,1069,4.4,23667,22667,1000,4.2,23707,22764,943,4.0,23634,22070,1564,6.6,24346,22968,1378,5.7
48101,TX,"Cottle County, TX",516,494,22,4.3,526,503,23,4.4,543,520,23,4.2,564,536,28,5.0,604,576,28,4.6
48103,TX,"Crane County, TX",1582,1498,84,5.3,1763,1695,68,3.9,1548,1486,62,4.0,1613,1393,220,13.6,1626,1470,156,9.6
48105,TX,"Crockett County, TX",1667,1599,68,4.1,1618,1570,48,3.0,1612,1565,47,2.9,1538,1401,137,8.9,1467,1368,99,6.7
48107,TX,"Crosby County, TX",2528,2421,107,4.2,2462,2347,115,4.7,2429,2333,96,4.0,2277,2156,121,5.3,2376,2243,133,5.6
48109,TX,"Culberson County, TX",916,882,34,3.7,966,936,30,3.1,1028,986,42,4.1,1120,1046,74,6.6,1066,1015,51,4.8
48111,TX,"Dallam County, TX",4029,3942,87,2.2,4001,3919,82,2.0,3892,3815,77,2.0,3708,3606,102,2.8,3803,3703,100,2.6
48113,TX,"Dallas County, TX",1317061,1264990,52071,4.0,1323950,1273283,50667,3.8,1328465,1281824,46641,3.5,1322606,1219627,102979,7.8,1372277,1295698,76579,5.6
48115,TX,"Dawson County, TX",4597,4372,225,4.9,4520,4324,196,4.3,4567,4389,178,3.9,4541,4145,396,8.7,4598,4276,322,7.0
48117,TX,"Deaf Smith County, TX",8287,8032,255,3.1,8343,8108,235,2.8,8334,8106,228,2.7,8430,8126,304,3.6,8749,8429,320,3.7
48119,TX,"Delta County, TX",2529,2443,86,3.4,2421,2337,84,3.5,2412,2330,82,3.4,2377,2246,131,5.5,2443,2324,119,4.9
48121,TX,"Denton County, TX",467636,451897,15739,3.4,479070,463617,15453,3.2,497471,482704,14767,3.0,508668,475991,32677,6.4,528401,505287,23114,4.4
48123,TX,"DeWitt County, TX",9511,9091,420,4.4,9630,9326,304,3.2,9625,9371,254,2.6,9128,8575,553,6.1,9414,8958,456,4.8
48125,TX,"Dickens County, TX",675,642,33,4.9,667,638,29,4.3,666,638,28,4.2,656,615,41,6.3,693,658,35,5.1
48127,TX,"Dimmit County, TX",6441,6113,328,5.1,7286,7066,220,3.0,7355,7168,187,2.5,6428,6019,409,6.4,5830,5497,333,5.7
48129,TX,"Donley County, TX",1493,1438,55,3.7,1544,1490,54,3.5,1423,1375,48,3.4,1405,1343,62,4.4,1448,1389,59,4.1
48131,TX,"Duval County, TX",4768,4399,369,7.7,5018,4753,265,5.3,4894,4676,218,4.5,4799,4215,584,12.2,5463,5011,452,8.3
48133,TX,"Eastland County, TX",7883,7543,340,4.3,8589,8300,289,3.4,8246,7972,274,3.3,7280,6790,490,6.7,7341,6918,423,5.8
48135,TX,"Ector County, TX",77980,74754,3226,4.1,84807,82497,2310,2.7,87269,84942,2327,2.7,82119,73046,9073,11.0,80507,73816,6691,8.3
48137,TX,"Edwards County, TX",899,870,29,3.2,875,850,25,2.9,1036,1012,24,2.3,1228,1185,43,3.5,1265,1210,55,4.3
48139,TX,"Ellis County, TX",87143,84093,3050,3.5,89815,86816,2999,3.3,92979,90096,2883,3.1,94566,88922,5644,6.0,98901,94460,4441,4.5
48141,TX,"El Paso County, TX",351540,335163,16377,4.7,354932,339827,15105,4.3,358155,344465,13690,3.8,359563,329749,29814,8.3,363843,341151,22692,6.2
48143,TX,"Erath County, TX",20532,19825,707,3.4,20552,19912,640,3.1,20604,19954,650,3.2,19821,18684,1137,5.7,20529,19610,919,4.5
48145,TX,"Falls County, TX",6599,6317,282,4.3,6450,6197,253,3.9,6406,6196,210,3.3,6346,5959,387,6.1,6576,6226,350,5.3
48147,TX,"Fannin County, TX",15832,15299,533,3.4,16299,15792,507,3.1,17145,16673,472,2.8,16589,15806,783,4.7,17165,16478,687,4.0
48149,TX,"Fayette County, TX",12483,12081,402,3.2,12475,12123,352,2.8,12248,11926,322,2.6,11674,11124,550,4.7,11857,11350,507,4.3
48151,TX,"Fisher County, TX",1691,1630,61,3.6,1634,1581,53,3.2,1611,1564,47,2.9,1584,1513,71,4.5,1606,1538,68,4.2
48153,TX,"Floyd County, TX",2681,2534,147,5.5,2645,2507,138,5.2,2537,2426,111,4.4,2477,2323,154,6.2,2503,2359,144,5.8
48155,TX,"Foard County, TX",590,569,21,3.6,579,562,17,2.9,573,556,17,3.0,571,548,23,4.0,589,569,20,3.4
48157,TX,"Fort Bend County, TX",372854,355381,17473,4.7,382850,367535,15315,4.0,395228,381510,13718,3.5,400509,369972,30537,7.6,407603,383362,24241,5.9
48159,TX,"Franklin County, TX",4510,4299,211,4.7,4522,4334,188,4.2,4611,4444,167,3.6,4785,4529,256,5.4,5223,4994,229,4.4
48161,TX,"Freestone County, TX",6706,6276,430,6.4,6491,6107,384,5.9,6312,6009,303,4.8,6278,5754,524,8.3,6323,5865,458,7.2
48163,TX,"Frio County, TX",9294,8925,369,4.0,10089,9799,290,2.9,10310,10039,271,2.6,9467,8930,537,5.7,9396,8944,452,4.8
48165,TX,"Gaines County, TX",9179,8898,281,3.1,9335,9094,241,2.6,9759,9522,237,2.4,9644,9101,543,5.6,9748,9300,448,4.6
48167,TX,"Galveston County, TX",160784,152262,8522,5.3,161696,154144,7552,4.7,163900,157262,6638,4.1,162980,148692,14288,8.8,165052,154065,10987,6.7
48169,TX,"Garza County, TX",2105,2035,70,3.3,2115,2053,62,2.9,2111,2056,55,2.6,1995,1859,136,6.8,1988,1888,100,5.0
48171,TX,"Gillespie County, TX",13036,12695,341,2.6,13249,12910,339,2.6,13396,13069,327,2.4,13152,12527,625,4.8,13939,13478,461,3.3
48173,TX,"Glasscock County, TX",704,685,19,2.7,844,826,18,2.1,789,772,17,2.2,798,769,29,3.6,815,791,24,2.9
48175,TX,"Goliad County, TX",3252,3091,161,5.0,3251,3126,125,3.8,3230,3121,109,3.4,3107,2865,242,7.8,3153,2946,207,6.6
48177,TX,"Gonzales County, TX",9303,8976,327,3.5,9393,9106,287,3.1,9481,9225,256,2.7,9442,8931,511,5.4,9594,9184,410,4.3
48179,TX,"Gray County, TX",8173,7741,432,5.3,8048,7733,315,3.9,7951,7667,284,3.6,7705,7079,626,8.1,7681,7169,512,6.7
48181,TX,"Grayson County, TX",61482,59282,2200,3.6,62655,60581,2074,3.3,63512,61559,1953,3.1,63568,59830,3738,5.9,65711,62721,2990,4.6
48183,TX,"Gregg County, TX",56982,54016,2966,5.2,56926,54558,2368,4.2,57381,55227,2154,3.8,55968,51319,4649,8.3,56193,52563,3630,6.5
48185,TX,"Grimes County, TX",10805,10222,583,5.4,11006,10549,457,4.2,11121,10677,444,4.0,11007,10118,889,8.1,11133,10386,747,6.7
48187,TX,"Guadalupe County, TX",77854,75236,2618,3.4,79524,77009,2515,3.2,80826,78431,2395,3.0,80164,75248,4916,6.1,82209,78557,3652,4.4
48189,TX,"Hale County, TX",12422,11781,641,5.2,12372,11776,596,4.8,12041,11504,537,4.5,11636,10850,786,6.8,11915,11191,724,6.1
48191,TX,"Hall County, TX",1121,1052,69,6.2,1099,1050,49,4.5,1056,1012,44,4.2,1057,996,61,5.8,1087,1028,59,5.4
48193,TX,"Hamilton County, TX",3595,3452,143,4.0,3599,3480,119,3.3,3635,3527,108,3.0,3709,3540,169,4.6,3792,3638,154,4.1
48195,TX,"Hansford County, TX",2840,2767,73,2.6,2826,2760,66,2.3,2735,2670,65,2.4,2459,2373,86,3.5,2551,2474,77,3.0
48197,TX,"Hardeman County, TX",1646,1580,66,4.0,1661,1601,60,3.6,1700,1649,51,3.0,1692,1618,74,4.4,1722,1648,74,4.3
48199,TX,"Hardin County, TX",25119,23566,1553,6.2,25149,23836,1313,5.2,25272,24120,1152,4.6,25055,22819,2236,8.9,24760,22791,1969,8.0
48201,TX,"Harris County, TX",2249040,2134095,114945,5.1,2264623,2164048,100575,4.4,2274172,2186363,87809,3.9,2263260,2060208,203052,9.0,2283959,2136470,147489,6.5
48203,TX,"Harrison County, TX",29247,27707,1540,5.3,29642,28343,1299,4.4,29083,27919,1164,4.0,28818,26551,2267,7.9,28650,26757,1893,6.6
48205,TX,"Hartley County, TX",2919,2861,58,2.0,2835,2783,52,1.8,2766,2720,46,1.7,2594,2543,51,2.0,2733,2676,57,2.1
48207,TX,"Haskell County, TX",2420,2303,117,4.8,2333,2242,91,3.9,2227,2154,73,3.3,2650,2537,113,4.3,2740,2632,108,3.9
48209,TX,"Hays County, TX",109885,106395,3490,3.2,115055,111627,3428,3.0,119428,116098,3330,2.8,122675,114991,7684,6.3,129600,124271,5329,4.1
48211,TX,"Hemphill County, TX",2298,2240,58,2.5,2227,2180,47,2.1,1981,1929,52,2.6,1780,1699,81,4.6,1635,1564,71,4.3
48213,TX,"Henderson County, TX",35374,33885,1489,4.2,35797,34436,1361,3.8,36201,34931,1270,3.5,36798,34432,2366,6.4,38202,36240,1962,5.1
48215,TX,"Hidalgo County, TX",340521,314913,25608,7.5,344391,321529,22862,6.6,347774,325960,21814,6.3,357301,315643,41658,11.7,366220,332109,34111,9.3
48217,TX,"Hill County, TX",16049,15412,637,4.0,16131,15540,591,3.7,16202,15663,539,3.3,16151,15133,1018,6.3,16822,15980,842,5.0
48219,TX,"Hockley County, TX",11177,10759,418,3.7,11323,10969,354,3.1,11135,10806,329,3.0,10583,9741,842,8.0,10657,10015,642,6.0
48221,TX,"Hood County, TX",25731,24640,1091,4.2,26793,25797,996,3.7,27423,26487,936,3.4,27778,25945,1833,6.6,28814,27325,1489,5.2
48223,TX,"Hopkins County, TX",17041,16423,618,3.6,17155,16571,584,3.4,17336,16805,531,3.1,17334,16449,885,5.1,17828,17055,773,4.3
48225,TX,"Houston County, TX",10310,9859,451,4.4,10103,9723,380,3.8,10158,9840,318,3.1,10001,9477,524,5.2,10581,10068,513,4.8
48227,TX,"Howard County, TX",13122,12558,564,4.3,13465,13018,447,3.3,13856,13427,429,3.1,13341,12257,1084,8.1,13256,12390,866,6.5
48229,TX,"Hudspeth County, TX",1652,1556,96,5.8,1785,1703,82,4.6,1840,1760,80,4.3,1834,1685,149,8.1,1849,1742,107,5.8
48231,TX,"Hunt County, TX",41075,39423,1652,4.0,42095,40480,1615,3.8,43208,41663,1545,3.6,42940,40114,2826,6.6,44928,42619,2309,5.1
48233,TX,"Hutchinson County, TX",9329,8762,567,6.1,8910,8463,447,5.0,8562,8182,380,4.4,8436,7832,604,7.2,8498,7987,511,6.0
48235,TX,"Irion County, TX",750,727,23,3.1,759,736,23,3.0,753,735,18,2.4,752,707,45,6.0,773,735,38,4.9
48237,TX,"Jack County, TX",3924,3776,148,3.8,4335,4226,109,2.5,3428,3320,108,3.2,3370,3134,236,7.0,3398,3212,186,5.5
48239,TX,"Jackson County, TX",7319,7024,295,4.0,7296,7056,240,3.3,7440,7217,223,3.0,7228,6810,418,5.8,7108,6752,356,5.0
48241,TX,"Jasper County, TX",13352,12349,1003,7.5,13110,12249,861,6.6,12676,11900,776,6.1,12751,11320,1431,11.2,12832,11585,1247,9.7
48243,TX,"Jeff Davis County, TX",1059,1025,34,3.2,1058,1027,31,2.9,1034,1004,30,2.9,953,904,49,5.1,1023,979,44,4.3
48245,TX,"Jefferson County, TX",106833,98895,7938,7.4,106205,99407,6798,6.4,104653,98531,6122,5.8,104025,91569,12456,12.0,101725,91528,10197,10.0
48247,TX,"Jim Hogg County, TX",1892,1753,139,7.3,1861,1754,107,5.7,1859,1770,89,4.8,1863,1685,178,9.6,1859,1695,164,8.8
48249,TX,"Jim Wells County, TX",16536,15271,1265,7.6,16827,15907,920,5.5,16656,15872,784,4.7,15997,13919,2078,13.0,15607,14019,1588,10.2
48251,TX,"Johnson County, TX",77504,74540,2964,3.8,79688,76929,2759,3.5,82364,79720,2644,3.2,82833,77464,5369,6.5,85557,81406,4151,4.9
48253,TX,"Jones County, TX",5608,5307,301,5.4,5567,5298,269,4.8,5717,5474,243,4.3,5585,5190,395,7.1,5730,5377,353,6.2
48255,TX,"Karnes County, TX",6398,6174,224,3.5,6795,6600,195,2.9,7072,6894,178,2.5,6944,6508,436,6.3,6843,6487,356,5.2
48257,TX,"Kaufman County, TX",59881,57740,2141,3.6,62530,60348,2182,3.5,66558,64407,2151,3.2,68859,64465,4394,6.4,71942,68423,3519,4.9
48259,TX,"Kendall County, TX",20935,20286,649,3.1,21646,21011,635,2.9,22390,21781,609,2.7,22016,20900,1116,5.1,22781,21908,873,3.8
48261,TX,"Kenedy County, TX",240,232,8,3.3,244,235,9,3.7,228,220,8,3.5,179,169,10,5.6,183,172,11,6.0
48263,TX,"Kent County, TX",450,438,12,2.7,447,436,11,2.5,467,456,11,2.4,459,441,18,3.9,447,434,13,2.9
48265,TX,"Kerr County, TX",21176,20448,728,3.4,21589,20886,703,3.3,21980,21331,649,3.0,21535,20277,1258,5.8,22061,21071,990,4.5
48267,TX,"Kimble County, TX",1877,1810,67,3.6,1856,1800,56,3.0,1833,1778,55,3.0,1818,1727,91,5.0,1905,1826,79,4.1
48269,TX,"King County, TX",164,158,6,3.7,209,203,6,2.9,233,228,5,2.1,234,230,4,1.7,448,444,4,0.9
48271,TX,"Kinney County, TX",1157,1092,65,5.6,1339,1280,59,4.4,1350,1301,49,3.6,1300,1223,77,5.9,1244,1175,69,5.5
48273,TX,"Kleberg County, TX",13299,12506,793,6.0,13186,12528,658,5.0,13325,12751,574,4.3,13142,12030,1112,8.5,13202,12261,941,7.1
48275,TX,"Knox County, TX",1473,1414,59,4.0,1438,1386,52,3.6,1426,1380,46,3.2,1438,1357,81,5.6,1457,1389,68,4.7
48277,TX,"Lamar County, TX",23578,22581,997,4.2,23538,22641,897,3.8,23653,22853,800,3.4,23378,21875,1503,6.4,24493,23149,1344,5.5
48279,TX,"Lamb County, TX",5153,4885,268,5.2,5160,4931,229,4.4,5204,5006,198,3.8,5166,4897,269,5.2,5211,4951,260,5.0
48281,TX,"Lampasas County, TX",9145,8800,345,3.8,9062,8721,341,3.8,9005,8705,300,3.3,8963,8483,480,5.4,9291,8845,446,4.8
48283,TX,"La Salle County, TX",4175,4021,154,3.7,4541,4430,111,2.4,4336,4231,105,2.4,3703,3454,249,6.7,3804,3641,163,4.3
48285,TX,"Lavaca County, TX",8669,8354,315,3.6,8700,8427,273,3.1,8523,8270,253,3.0,8341,7905,436,5.2,8640,8253,387,4.5
48287,TX,"Lee County, TX",9467,9153,314,3.3,9380,9091,289,3.1,10006,9741,265,2.6,9086,8637,449,4.9,9057,8669,388,4.3
48289,TX,"Leon County, TX",6144,5752,392,6.4,6070,5764,306,5.0,6244,5972,272,4.4,6043,5571,472,7.8,6184,5746,438,7.1
48291,TX,"Liberty County, TX",31751,29470,2281,7.2,32414,30516,1898,5.9,33077,31416,1661,5.0,34126,30560,3566,10.4,34870,31677,3193,9.2
48293,TX,"Limestone County, TX",8255,7791,464,5.6,8327,7938,389,4.7,8503,8175,328,3.9,8250,7662,588,7.1,8528,8001,527,6.2
48295,TX,"Lipscomb County, TX",1613,1561,52,3.2,1636,1591,45,2.8,1610,1567,43,2.7,1512,1449,63,4.2,1502,1446,56,3.7
48297,TX,"Live Oak County, TX",5377,5124,253,4.7,5133,4936,197,3.8,5475,5306,169,3.1,5121,4736,385,7.5,4937,4601,336,6.8
48299,TX,"Llano County, TX",8304,7985,319,3.8,8437,8122,315,3.7,8546,8250,296,3.5,8393,7911,482,5.7,8900,8469,431,4.8
48301,TX,"Loving County, TX",100,95,5,5.0,265,261,4,1.5,498,494,4,0.8,295,290,5,1.7,438,434,4,0.9
48303,TX,"Lubbock County, TX",154817,149850,4967,3.2,155010,150231,4779,3.1,156286,151849,4437,2.8,155803,146854,8949,5.7,160338,153092,7246,4.5
48305,TX,"Lynn County, TX",2753,2649,104,3.8,2721,2632,89,3.3,2750,2668,82,3.0,2722,2573,149,5.5,2798,2678,120,4.3
48307,TX,"McCulloch County, TX",3657,3527,130,3.6,3713,3590,123,3.3,3435,3257,178,5.2,3186,2946,240,7.5,3157,2953,204,6.5
48309,TX,"McLennan County, TX",117188,112605,4583,3.9,117071,112839,4232,3.6,117785,113863,3922,3.3,118391,111020,7371,6.2,122192,116247,5945,4.9
48311,TX,"McMullen County, TX",743,729,14,1.9,709,696,13,1.8,805,792,13,1.6,712,692,20,2.8,734,717,17,2.3
48313,TX,"Madison County, TX",4651,4430,221,4.8,4522,4321,201,4.4,4480,4292,188,4.2,4438,4120,318,7.2,4691,4398,293,6.2
48315,TX,"Marion County, TX",4304,4058,246,5.7,4212,4021,191,4.5,4185,4009,176,4.2,4204,3855,349,8.3,4255,3963,292,6.9
48317,TX,"Martin County, TX",2507,2424,83,3.3,2744,2675,69,2.5,2780,2707,73,2.6,2539,2384,155,6.1,2605,2480,125,4.8
48319,TX,"Mason County, TX",1800,1739,61,3.4,1757,1702,55,3.1,1740,1684,56,3.2,1714,1619,95,5.5,1789,1705,84,4.7
48321,TX,"Matagorda County, TX",16783,15549,1234,7.4,16645,15619,1026,6.2,16510,15574,936,5.7,16369,14647,1722,10.5,16489,15114,1375,8.3
48323,TX,"Maverick County, TX",23758,21520,2238,9.4,23422,21498,1924,8.2,23363,21589,1774,7.6,24103,20457,3646,15.1,23752,20739,3013,12.7
48325,TX,"Medina County, TX",21123,20297,826,3.9,21350,20601,749,3.5,21528,20844,684,3.2,21192,19850,1342,6.3,21832,20744,1088,5.0
48327,TX,"Menard County, TX",800,761,39,4.9,820,786,34,4.1,854,825,29,3.4,857,813,44,5.1,837,797,40,4.8
48329,TX,"Midland County, TX",90073,87358,2715,3.0,101943,99757,2186,2.1,105449,103242,2207,2.1,97848,89972,7876,8.0,99301,93631,5670,5.7
48331,TX,"Milam County, TX",10020,9511,509,5.1,9795,9252,543,5.5,9641,9160,481,5.0,9616,8926,690,7.2,10199,9606,593,5.8
48333,TX,"Mills County, TX",1898,1830,68,3.6,1851,1786,65,3.5,1867,1806,61,3.3,1865,1789,76,4.1,1905,1822,83,4.4
48335,TX,"Mitchell County, TX",2479,2343,136,5.5,2304,2207,97,4.2,2308,2222,86,3.7,2326,2142,184,7.9,2346,2179,167,7.1
48337,TX,"Montague County, TX",9021,8657,364,4.0,9051,8760,291,3.2,9182,8918,264,2.9,9001,8404,597,6.6,9265,8789,476,5.1
48339,TX,"Montgomery County, TX",268206,256420,11786,4.4,276970,266516,10454,3.8,285534,275842,9692,3.4,288088,266622,21466,7.5,293629,276611,17018,5.8
48341,TX,"Moore County, TX",10987,10668,319,2.9,10763,10475,288,2.7,10690,10443,247,2.3,10490,10098,392,3.7,10983,10616,367,3.3
48343,TX,"Morris County, TX",4645,4242,403,8.7,4665,4356,309,6.6,4753,4501,252,5.3,4821,4280,541,11.2,4624,4140,484,10.5
48345,TX,"Motley County, TX",491,473,18,3.7,458,441,17,3.7,467,451,16,3.4,429,410,19,4.4,453,430,23,5.1
48347,TX,"Nacogdoches County, TX",28346,27131,1215,4.3,28381,27267,1114,3.9,27831,26795,1036,3.7,27645,25828,1817,6.6,28255,26714,1541,5.5
48349,TX,"Navarro County, TX",22648,21750,898,4.0,23424,22552,872,3.7,23763,22988,775,3.3,23142,21711,1431,6.2,23685,22479,1206,5.1
48351,TX,"Newton County, TX",5239,4818,421,8.0,5139,4791,348,6.8,5084,4763,321,6.3,4945,4394,551,11.1,4897,4387,510,10.4
48353,TX,"Nolan County, TX",6728,6455,273,4.1,6653,6433,220,3.3,6955,6751,204,2.9,7006,6631,375,5.4,7091,6754,337,4.8
48355,TX,"Nueces County, TX",166752,157654,9098,5.5,166256,158449,7807,4.7,164995,158208,6787,4.1,163342,148793,14549,8.9,163825,152485,11340,6.9
48357,TX,"Ochiltree County, TX",4490,4325,165,3.7,4413,4289,124,2.8,4250,4137,113,2.7,4000,3767,233,5.8,3952,3772,180,4.6
48359,TX,"Oldham County, TX",895,872,23,2.6,897,873,24,2.7,900,874,26,2.9,888,853,35,3.9,917,885,32,3.5
48361,TX,"Orange County, TX",36877,34306,2571,7.0,36177,34067,2110,5.8,36012,34151,1861,5.2,35475,31720,3755,10.6,34858,31719,3139,9.0
48363,TX,"Palo Pinto County, TX",13301,12751,550,4.1,13372,12920,452,3.4,13414,12990,424,3.2,13081,12161,920,7.0,12902,12161,741,5.7
48365,TX,"Panola County, TX",10331,9766,565,5.5,10597,10151,446,4.2,9999,9594,405,4.1,9338,8554,784,8.4,9691,9040,651,6.7
48367,TX,"Parker County, TX",62762,60568,2194,3.5,65311,63271,2040,3.1,67923,65947,1976,2.9,69069,65054,4015,5.8,71585,68413,3172,4.4
48369,TX,"Parmer County, TX",4883,4761,122,2.5,4839,4725,114,2.4,4811,4705,106,2.2,4814,4691,123,2.6,4976,4834,142,2.9
48371,TX,"Pecos County, TX",6224,5931,293,4.7,6355,6122,233,3.7,6299,6092,207,3.3,6361,5836,525,8.3,6164,5724,440,7.1
48373,TX,"Polk County, TX",17399,16330,1069,6.1,17668,16768,900,5.1,17818,16962,856,4.8,18230,16625,1605,8.8,18571,17079,1492,8.0
48375,TX,"Potter County, TX",55019,53236,1783,3.2,54366,52762,1604,3.0,53714,52240,1474,2.7,52804,49882,2922,5.5,54259,51926,2333,4.3
48377,TX,"Presidio County, TX",3020,2733,287,9.5,3012,2802,210,7.0,3075,2877,198,6.4,3175,2704,471,14.8,3101,2774,327,10.5
48379,TX,"Rains County, TX",5659,5454,205,3.6,5852,5646,206,3.5,5983,5801,182,3.0,5954,5674,280,4.7,6318,6073,245,3.9
48381,TX,"Randall County, TX",70379,68378,2001,2.8,70942,69078,1864,2.6,72247,70514,1733,2.4,72526,69298,3228,4.5,74603,71978,2625,3.5
48383,TX,"Reagan County, TX",1780,1711,69,3.9,1856,1809,47,2.5,1871,1822,49,2.6,1790,1615,175,9.8,1653,1526,127,7.7
48385,TX,"Real County, TX",1046,986,60,5.7,1039,987,52,5.0,1048,1007,41,3.9,1075,1005,70,6.5,1144,1076,68,5.9
48387,TX,"Red River County, TX",5161,4888,273,5.3,5040,4765,275,5.5,5018,4786,232,4.6,5069,4746,323,6.4,5320,5006,314,5.9
48389,TX,"Reeves County, TX",6942,6692,250,3.6,9318,9123,195,2.1,11031,10836,195,1.8,8740,8112,628,7.2,8608,8103,505,5.9
48391,TX,"Refugio County, TX",3218,3037,181,5.6,3107,2963,144,4.6,3110,2995,115,3.7,3022,2773,249,8.2,3037,2833,204,6.7
48393,TX,"Roberts County, TX",438,421,17,3.9,424,412,12,2.8,412,400,12,2.9,399,381,18,4.5,399,382,17,4.3
48395,TX,"Robertson County, TX",7392,7040,352,4.8,7464,7150,314,4.2,7379,7112,267,3.6,7257,6791,466,6.4,7557,7159,398,5.3
48397,TX,"Rockwall County, TX",48607,46960,1647,3.4,50434,48793,1641,3.3,52858,51236,1622,3.1,54262,51050,3212,5.9,56678,54240,2438,4.3
48399,TX,"Runnels County, TX",4546,4377,169,3.7,4533,4389,144,3.2,4543,4416,127,2.8,4495,4274,221,4.9,4618,4430,188,4.1
48401,TX,"Rusk County, TX",21962,20838,1124,5.1,22550,21624,926,4.1,22625,21814,811,3.6,21800,20199,1601,7.3,22047,20721,1326,6.0
48403,TX,"Sabine County, TX",3548,3241,307,8.7,3512,3232,280,8.0,3711,3467,244,6.6,3871,3452,419,10.8,3965,3587,378,9.5
48405,TX,"San Augustine County, TX",2848,2633,215,7.5,2977,2784,193,6.5,3334,3175,159,4.8,2999,2711,288,9.6,2979,2734,245,8.2
48407,TX,"San Jacinto County, TX",11379,10723,656,5.8,11409,10837,572,5.0,11605,11073,532,4.6,11529,10594,935,8.1,11871,10994,877,7.4
48409,TX,"San Patricio County, TX",30345,27997,2348,7.7,29799,27897,1902,6.4,29413,27801,1612,5.5,29203,26222,2981,10.2,29428,26830,2598,8.8
48411,TX,"San Saba County, TX",2399,2321,78,3.3,2513,2436,77,3.1,2504,2430,74,3.0,2174,2062,112,5.2,2203,2100,103,4.7
48413,TX,"Schleicher County, TX",1324,1274,50,3.8,1357,1318,39,2.9,1294,1257,37,2.9,1201,1118,83,6.9,1192,1126,66,5.5
48415,TX,"Scurry County, TX",6936,6633,303,4.4,6861,6627,234,3.4,6580,6367,213,3.2,6169,5661,508,8.2,6086,5678,408,6.7
48417,TX,"Shackelford County, TX",1874,1818,56,3.0,1925,1880,45,2.3,1882,1841,41,2.2,1763,1670,93,5.3,1845,1771,74,4.0
48419,TX,"Shelby County, TX",10700,10143,557,5.2,10917,10444,473,4.3,11016,10583,433,3.9,11138,10377,761,6.8,11484,10862,622,5.4
48421,TX,"Sherman County, TX",1280,1240,40,3.1,1317,1282,35,2.7,1352,1320,32,2.4,1295,1255,40,3.1,1408,1366,42,3.0
48423,TX,"Smith County, TX",105250,100901,4349,4.1,105793,101901,3892,3.7,107008,103438,3570,3.3,107502,100209,7293,6.8,110095,104439,5656,5.1
48425,TX,"Somervell County, TX",4157,3966,191,4.6,4251,4074,177,4.2,4318,4163,155,3.6,4240,3963,277,6.5,4398,4170,228,5.2
48427,TX,"Starr County, TX",25930,22854,3076,11.9,24951,22411,2540,10.2,24851,22394,2457,9.9,25912,21375,4537,17.5,25381,21263,4118,16.2
48429,TX,"Stephens County, TX",3976,3794,182,4.6,3955,3811,144,3.6,4044,3922,122,3.0,3995,3752,243,6.1,4190,3984,206,4.9
48431,TX,"Sterling County, TX",589,567,22,3.7,577,557,20,3.5,568,550,18,3.2,555,519,36,6.5,586,556,30,5.1
48433,TX,"Stonewall County, TX",610,588,22,3.6,584,564,20,3.4,577,560,17,2.9,568,539,29,5.1,587,563,24,4.1
48435,TX,"Sutton County, TX",1496,1419,77,5.1,1444,1388,56,3.9,1400,1348,52,3.7,1204,1085,119,9.9,1149,1054,95,8.3
48437,TX,"Swisher County, TX",2671,2561,110,4.1,2627,2514,113,4.3,2584,2489,95,3.7,2499,2369,130,5.2,2593,2465,128,4.9
48439,TX,"Tarrant County, TX",1028588,989989,38599,3.8,1049714,1012587,37127,3.5,1066885,1031409,35476,3.3,1070120,991029,79091,7.4,1099856,1041556,58300,5.3
48441,TX,"Taylor County, TX",63732,61462,2270,3.6,64707,62647,2060,3.2,65996,64105,1891,2.9,65565,61986,3579,5.5,67165,64246,2919,4.3
48443,TX,"Terrell County, TX",390,372,18,4.6,374,361,13,3.5,373,360,13,3.5,377,360,17,4.5,411,396,15,3.6
48445,TX,"Terry County, TX",5205,4942,263,5.1,5082,4873,209,4.1,4938,4758,180,3.6,4771,4422,349,7.3,4776,4484,292,6.1
48447,TX,"Throckmorton County, TX",686,656,30,4.4,694,671,23,3.3,641,617,24,3.7,633,603,30,4.7,1008,980,28,2.8
48449,TX,"Titus County, TX",12856,12157,699,5.4,12775,12127,648,5.1,12782,12253,529,4.1,13153,12268,885,6.7,13563,12837,726,5.4
48451,TX,"Tom Green County, TX",53759,51770,1989,3.7,54115,52400,1715,3.2,53983,52351,1632,3.0,53310,49931,3379,6.3,54009,51382,2627,4.9
48453,TX,"Travis County, TX",693425,672102,21323,3.1,712216,691743,20473,2.9,728706,709594,19112,2.6,730591,684165,46426,6.4,770868,739716,31152,4.0
48455,TX,"Trinity County, TX",5338,5040,298,5.6,5264,4991,273,5.2,5234,4985,249,4.8,5264,4836,428,8.1,5355,4962,393,7.3
48457,TX,"Tyler County, TX",7022,6502,520,7.4,6916,6455,461,6.7,7071,6666,405,5.7,7296,6575,721,9.9,7409,6779,630,8.5
48459,TX,"Upshur County, TX",17589,16659,930,5.3,17505,16765,740,4.2,17787,17128,659,3.7,17379,16041,1338,7.7,17555,16456,1099,6.3
48461,TX,"Upton County, TX",1536,1478,58,3.8,1565,1511,54,3.5,1636,1587,49,3.0,1799,1696,103,5.7,1762,1670,92,5.2
48463,TX,"Uvalde County, TX",11617,11069,548,4.7,11358,10869,489,4.3,11347,10918,429,3.8,11208,10488,720,6.4,11252,10631,621,5.5
48465,TX,"Val Verde County, TX",19943,18921,1022,5.1,22207,21340,867,3.9,22612,21857,755,3.3,21356,19576,1780,8.3,22098,20785,1313,5.9
48467,TX,"Van Zandt County, TX",25196,24242,954,3.8,25508,24606,902,3.5,25817,24975,842,3.3,25874,24284,1590,6.1,26780,25515,1265,4.7
48469,TX,"Victoria County, TX",42632,40554,2078,4.9,42546,40900,1646,3.9,41917,40461,1456,3.5,40595,37217,3378,8.3,40785,38175,2610,6.4
48471,TX,"Walker County, TX",23512,22414,1098,4.7,23649,22649,1000,4.2,23826,22888,938,3.9,23861,22148,1713,7.2,23951,22451,1500,6.3
48473,TX,"Waller County, TX",22219,21122,1097,4.9,22922,21937,985,4.3,23880,22983,897,3.8,24252,22406,1846,7.6,24799,23216,1583,6.4
48475,TX,"Ward County, TX",5544,5318,226,4.1,6707,6534,173,2.6,7270,7097,173,2.4,6111,5532,579,9.5,5884,5463,421,7.2
48477,TX,"Washington County, TX",14762,14134,628,4.3,14729,14190,539,3.7,14998,14488,510,3.4,15102,14249,853,5.6,15187,14391,796,5.2
48479,TX,"Webb County, TX",114261,109410,4851,4.2,115174,110797,4377,3.8,117063,112721,4342,3.7,115186,105441,9745,8.5,116373,109033,7340,6.3
48481,TX,"Wharton County, TX",20944,19996,948,4.5,21080,20291,789,3.7,21409,20683,726,3.4,21161,19724,1437,6.8,21120,19914,1206,5.7
48483,TX,"Wheeler County, TX",2335,2242,93,4.0,2403,2327,76,3.2,2237,2170,67,3.0,2174,2042,132,6.1,2066,1937,129,6.2
48485,TX,"Wichita County, TX",55659,53588,2071,3.7,55823,53906,1917,3.4,55414,53647,1767,3.2,55057,51404,3653,6.6,55325,52400,2925,5.3
48487,TX,"Wilbarger County, TX",4925,4693,232,4.7,4929,4723,206,4.2,4893,4719,174,3.6,4869,4584,285,5.9,4891,4569,322,6.6
48489,TX,"Willacy County, TX",6280,5582,698,11.1,6333,5703,630,9.9,6472,5938,534,8.3,6550,5766,784,12.0,6976,6245,731,10.5
48491,TX,"Williamson County, TX",288605,279094,9511,3.3,301255,291963,9292,3.1,315068,306186,8882,2.8,321374,302663,18711,5.8,340568,326982,13586,4.0
48493,TX,"Wilson County, TX",24002,23157,845,3.5,24308,23555,753,3.1,24621,23920,701,2.8,24248,22860,1388,5.7,24999,23899,1100,4.4
48495,TX,"Winkler County, TX",3234,3067,167,5.2,3986,3872,114,2.9,4009,3894,115,2.9,3941,3569,372,9.4,3726,3439,287,7.7
48497,TX,"Wise County, TX",29948,28738,1210,4.0,30950,29876,1074,3.5,31925,30896,1029,3.2,31929,29841,2088,6.5,32980,31380,1600,4.9
48499,TX,"Wood County, TX",17213,16400,813,4.7,17190,16452,738,4.3,17491,16810,681,3.9,17724,16551,1173,6.6,17988,16977,1011,5.6
48501,TX,"Yoakum County, TX",3794,3659,135,3.6,3677,3571,106,2.9,3702,3595,107,2.9,3484,3066,418,12.0,3284,3027,257,7.8
48503,TX,"Young County, TX",8016,7711,305,3.8,8089,7824,265,3.3,7903,7668,235,3.0,7686,7280,406,5.3,8066,7701,365,4.5
48505,TX,"Zapata County, TX",5351,4949,402,7.5,5309,5012,297,5.6,5057,4802,255,5.0,4640,4072,568,12.2,4526,3980,546,12.1
48507,TX,"Zavala County, TX",3706,3289,417,11.3,3528,3186,342,9.7,3310,3030,280,8.5,3370,2889,481,14.3,3276,2861,415,12.7
49001,UT,"Beaver County, UT",3053,2933,120,3.9,3032,2931,101,3.3,2895,2809,86,3.0,2838,2724,114,4.0,2826,2746,80,2.8
49003,UT,"Box Elder County, UT",25437,24632,805,3.2,25667,24938,729,2.8,26232,25552,680,2.6,26641,25470,1171,4.4,26895,26237,658,2.4
49005,UT,"Cache County, UT",62905,61219,1686,2.7,63817,62209,1608,2.5,65104,63718,1386,2.1,65906,63958,1948,3.0,68747,67395,1352,2.0
49007,UT,"Carbon County, UT",8313,7906,407,4.9,8531,8170,361,4.2,8583,8271,312,3.6,8600,8146,454,5.3,8424,8097,327,3.9
49009,UT,"Daggett County, UT",431,410,21,4.9,402,385,17,4.2,392,377,15,3.8,412,393,19,4.6,415,400,15,3.6
49011,UT,"Davis County, UT",169361,164325,5036,3.0,171470,166757,4713,2.7,174427,170250,4177,2.4,176223,168939,7284,4.1,179229,174865,4364,2.4
49013,UT,"Duchesne County, UT",8008,7564,444,5.5,7774,7442,332,4.3,7785,7485,300,3.9,7829,7218,611,7.8,7748,7372,376,4.9
49015,UT,"Emery County, UT",4205,3997,208,4.9,4357,4160,197,4.5,4332,4161,171,3.9,4404,4193,211,4.8,4450,4278,172,3.9
49017,UT,"Garfield County, UT",2909,2697,212,7.3,2792,2587,205,7.3,2787,2617,170,6.1,2654,2379,275,10.4,2778,2597,181,6.5
49019,UT,"Grand County, UT",5957,5650,307,5.2,6108,5832,276,4.5,6246,6005,241,3.9,6242,5647,595,9.5,6574,6285,289,4.4
49021,UT,"Iron County, UT",22337,21436,901,4.0,23051,22281,770,3.3,24318,23606,712,2.9,25272,24126,1146,4.5,26265,25519,746,2.8
49023,UT,"Juab County, UT",5446,5268,178,3.3,5614,5455,159,2.8,5858,5713,145,2.5,5847,5671,176,3.0,6159,6036,123,2.0
49025,UT,"Kane County, UT",3761,3636,125,3.3,3819,3703,116,3.0,3850,3740,110,2.9,3876,3669,207,5.3,4002,3887,115,2.9
49027,UT,"Millard County, UT",6461,6257,204,3.2,6255,6062,193,3.1,6074,5913,161,2.7,6029,5833,196,3.3,6018,5875,143,2.4
49029,UT,"Morgan County, UT",5413,5264,149,2.8,5488,5345,143,2.6,5561,5427,134,2.4,5664,5473,191,3.4,5779,5658,121,2.1
49031,UT,"Piute County, UT",485,462,23,4.7,484,460,24,5.0,484,462,22,4.5,481,451,30,6.2,479,458,21,4.4
49033,UT,"Rich County, UT",1146,1110,36,3.1,1182,1146,36,3.0,1175,1140,35,3.0,1164,1123,41,3.5,1273,1244,29,2.3
49035,UT,"Salt Lake County, UT",617457,598906,18551,3.0,624844,607123,17721,2.8,637173,621401,15772,2.5,643461,610521,32940,5.1,653817,635656,18161,2.8
49037,UT,"San Juan County, UT",5716,5327,389,6.8,5744,5406,338,5.9,5757,5470,287,5.0,5492,4928,564,10.3,5470,5125,345,6.3
49039,UT,"Sanpete County, UT",12065,11605,460,3.8,12556,12115,441,3.5,12542,12148,394,3.1,12759,12275,484,3.8,13057,12691,366,2.8
49041,UT,"Sevier County, UT",9828,9462,366,3.7,9947,9613,334,3.4,9810,9512,298,3.0,9901,9477,424,4.3,9992,9666,326,3.3
49043,UT,"Summit County, UT",24439,23706,733,3.0,24565,23866,699,2.8,25083,24478,605,2.4,24610,22837,1773,7.2,24987,24266,721,2.9
49045,UT,"Tooele County, UT",32455,31325,1130,3.5,33488,32417,1071,3.2,35032,34052,980,2.8,36054,34351,1703,4.7,36804,35747,1057,2.9
49047,UT,"Uintah County, UT",13731,12927,804,5.9,13694,13089,605,4.4,13741,13167,574,4.2,13462,12212,1250,9.3,13562,12806,756,5.6
49049,UT,"Utah County, UT",292059,283780,8279,2.8,301683,293624,8059,2.7,309866,302523,7343,2.4,316642,304605,12037,3.8,332018,324289,7729,2.3
49051,UT,"Wasatch County, UT",14672,14201,471,3.2,15259,14805,454,3.0,16163,15726,437,2.7,16460,15398,1062,6.5,16903,16421,482,2.9
49053,UT,"Washington County, UT",71043,68646,2397,3.4,74671,72265,2406,3.2,76786,74521,2265,2.9,80053,75746,4307,5.4,83600,81174,2426,2.9
49055,UT,"Wayne County, UT",1465,1361,104,7.1,1439,1357,82,5.7,1436,1359,77,5.4,1449,1338,111,7.7,1506,1435,71,4.7
49057,UT,"Weber County, UT",123793,119400,4393,3.5,125974,121848,4126,3.3,128564,124818,3746,2.9,130007,123701,6306,4.9,131718,127926,3792,2.9
50001,VT,"Addison County, VT",21348,20746,602,2.8,21392,20854,538,2.5,21350,20861,489,2.3,20531,19588,943,4.6,19901,19352,549,2.8
50003,VT,"Bennington County, VT",18780,18095,685,3.6,18897,18315,582,3.1,18822,18279,543,2.9,17735,16580,1155,6.5,16919,16189,730,4.3
50005,VT,"Caledonia County, VT",15110,14551,559,3.7,15157,14667,490,3.2,14992,14555,437,2.9,14571,13698,873,6.0,14037,13516,521,3.7
50007,VT,"Chittenden County, VT",99460,97209,2251,2.3,100209,98196,2013,2.0,100222,98451,1771,1.8,96193,91705,4488,4.7,92865,90238,2627,2.8
50009,VT,"Essex County, VT",2770,2642,128,4.6,2781,2681,100,3.6,2775,2686,89,3.2,2714,2507,207,7.6,2613,2487,126,4.8
50011,VT,"Franklin County, VT",28404,27539,865,3.0,28461,27756,705,2.5,28498,27843,655,2.3,27373,25978,1395,5.1,26722,25798,924,3.5
50013,VT,"Grand Isle County, VT",4174,4029,145,3.5,4203,4070,133,3.2,4302,4182,120,2.8,4085,3847,238,5.8,3941,3786,155,3.9
50015,VT,"Lamoille County, VT",14471,13893,578,4.0,14422,13920,502,3.5,14464,14022,442,3.1,13914,12838,1076,7.7,13380,12841,539,4.0
50017,VT,"Orange County, VT",16378,15875,503,3.1,16449,16017,432,2.6,16542,16156,386,2.3,15890,15054,836,5.3,15227,14737,490,3.2
50019,VT,"Orleans County, VT",13988,13272,716,5.1,13947,13332,615,4.4,13774,13200,574,4.2,13118,12105,1013,7.7,12770,12178,592,4.6
50021,VT,"Rutland County, VT",31966,30847,1119,3.5,31747,30770,977,3.1,31621,30764,857,2.7,30306,28274,2032,6.7,28966,27751,1215,4.2
50023,VT,"Washington County, VT",35215,34178,1037,2.9,35630,34721,909,2.6,35748,34948,800,2.2,34017,32354,1663,4.9,32392,31416,976,3.0
50025,VT,"Windham County, VT",23460,22733,727,3.1,23193,22545,648,2.8,22799,22228,571,2.5,21680,20239,1441,6.6,20410,19506,904,4.4
50027,VT,"Windsor County, VT",29856,29088,768,2.6,29966,29279,687,2.3,30044,29424,620,2.1,29011,27312,1699,5.9,28071,27145,926,3.3
51001,VA,"Accomack County, VA",16789,16035,754,4.5,16913,16273,640,3.8,16795,16206,589,3.5,16025,14987,1038,6.5,15176,14516,660,4.3
51003,VA,"Albemarle County, VA",55877,54055,1822,3.3,56771,55264,1507,2.7,58689,57256,1433,2.4,56485,53473,3012,5.3,55448,53650,1798,3.2
51005,VA,"Alleghany County, VA",7070,6749,321,4.5,6999,6742,257,3.7,7058,6822,236,3.3,6810,6367,443,6.5,6512,6245,267,4.1
51007,VA,"Amelia County, VA",6268,6021,247,3.9,6268,6066,202,3.2,6404,6205,199,3.1,6132,5777,355,5.8,5984,5771,213,3.6
51009,VA,"Amherst County, VA",15146,14533,613,4.0,15093,14601,492,3.3,15253,14772,481,3.2,14763,13944,819,5.5,14340,13812,528,3.7
51011,VA,"Appomattox County, VA",7151,6842,309,4.3,7189,6929,260,3.6,7310,7060,250,3.4,7121,6713,408,5.7,6915,6648,267,3.9
51013,VA,"Arlington County, VA",151365,147637,3728,2.5,153786,150729,3057,2.0,156258,153294,2964,1.9,152550,145804,6746,4.4,150721,146210,4511,3.0
51015,VA,"Augusta County, VA",37072,35823,1249,3.4,37168,36170,998,2.7,38009,37089,920,2.4,37173,35471,1702,4.6,36312,35201,1111,3.1
51017,VA,"Bath County, VA",2585,2508,77,3.0,2539,2477,62,2.4,2505,2445,60,2.4,2309,2080,229,9.9,2219,2118,101,4.6
51019,VA,"Bedford County, VA",38458,36985,1473,3.8,38654,37484,1170,3.0,39215,38109,1106,2.8,38220,36284,1936,5.1,37256,35981,1275,3.4
51021,VA,"Bland County, VA",2894,2777,117,4.0,2862,2772,90,3.1,2877,2798,79,2.7,2811,2653,158,5.6,2720,2627,93,3.4
51023,VA,"Botetourt County, VA",17435,16828,607,3.5,17457,16993,464,2.7,17796,17351,445,2.5,17321,16543,778,4.5,16976,16463,513,3.0
51025,VA,"Brunswick County, VA",6176,5852,324,5.2,6057,5760,297,4.9,6115,5832,283,4.6,5951,5481,470,7.9,5708,5350,358,6.3
51027,VA,"Buchanan County, VA",7055,6561,494,7.0,6994,6616,378,5.4,6882,6504,378,5.5,6430,5823,607,9.4,6130,5717,413,6.7
51029,VA,"Buckingham County, VA",6377,6037,340,5.3,6374,6092,282,4.4,6606,6335,271,4.1,6326,5863,463,7.3,6205,5879,326,5.3
51031,VA,"Campbell County, VA",26301,25223,1078,4.1,26148,25273,875,3.3,26378,25566,812,3.1,25759,24261,1498,5.8,24996,24042,954,3.8
51033,VA,"Caroline County, VA",15163,14519,644,4.2,15296,14769,527,3.4,15389,14899,490,3.2,15029,14024,1005,6.7,14644,14012,632,4.3
51035,VA,"Carroll County, VA",13637,13040,597,4.4,13420,12941,479,3.6,13451,12976,475,3.5,13195,12116,1079,8.2,12778,12255,523,4.1
51036,VA,"Charles City County, VA",3718,3542,176,4.7,3678,3532,146,4.0,3714,3587,127,3.4,3534,3300,234,6.6,3443,3292,151,4.4
51037,VA,"Charlotte County, VA",5371,5128,243,4.5,5261,5070,191,3.6,5326,5140,186,3.5,5113,4830,283,5.5,5206,5013,193,3.7
51041,VA,"Chesterfield County, VA",185395,178778,6617,3.6,187984,182542,5442,2.9,191771,186569,5202,2.7,188369,177388,10981,5.8,183962,177248,6714,3.6
51043,VA,"Clarke County, VA",7521,7266,255,3.4,7576,7359,217,2.9,7762,7573,189,2.4,7479,7138,341,4.6,7383,7155,228,3.1
51045,VA,"Craig County, VA",2309,2210,99,4.3,2313,2231,82,3.5,2372,2298,74,3.1,2273,2157,116,5.1,2222,2148,74,3.3
51047,VA,"Culpeper County, VA",24132,23268,864,3.6,24522,23824,698,2.8,25324,24675,649,2.6,24876,23655,1221,4.9,24541,23745,796,3.2
51049,VA,"Cumberland County, VA",4731,4536,195,4.1,4694,4543,151,3.2,4726,4585,141,3.0,4603,4325,278,6.0,4537,4343,194,4.3
51051,VA,"Dickenson County, VA",4676,4362,314,6.7,4565,4333,232,5.1,4745,4512,233,4.9,4747,4372,375,7.9,4645,4398,247,5.3
51053,VA,"Dinwiddie County, VA",13552,12950,602,4.4,13684,13210,474,3.5,13814,13365,449,3.3,13469,12615,854,6.3,13210,12617,593,4.5
51057,VA,"Essex County, VA",5643,5374,269,4.8,5560,5350,210,3.8,5575,5379,196,3.5,5488,5109,379,6.9,5284,5028,256,4.8
51059,VA,"Fairfax County, VA",629074,610106,18968,3.0,633295,617899,15396,2.4,643065,628443,14622,2.3,627997,591622,36375,5.8,614999,593574,21425,3.5
51061,VA,"Fauquier County, VA",36269,35091,1178,3.2,37054,36096,958,2.6,38085,37168,917,2.4,36777,35058,1719,4.7,36217,35138,1079,3.0
51063,VA,"Floyd County, VA",8154,7858,296,3.6,8190,7969,221,2.7,8345,8134,211,2.5,8144,7735,409,5.0,8157,7903,254,3.1
51065,VA,"Fluvanna County, VA",13540,13131,409,3.0,13806,13464,342,2.5,14444,14116,328,2.3,13805,13083,722,5.2,13572,13130,442,3.3
51067,VA,"Franklin County, VA",26562,25535,1027,3.9,26443,25638,805,3.0,26789,26013,776,2.9,26146,24731,1415,5.4,25534,24628,906,3.5
51069,VA,"Frederick County, VA",46824,45346,1478,3.2,47832,46597,1235,2.6,49229,48048,1181,2.4,49464,47189,2275,4.6,49021,47598,1423,2.9
51071,VA,"Giles County, VA",7942,7574,368,4.6,7913,7651,262,3.3,8013,7755,258,3.2,7788,7304,484,6.2,7747,7479,268,3.5
51073,VA,"Gloucester County, VA",19539,18899,640,3.3,19678,19153,525,2.7,19894,19389,505,2.5,19302,18257,1045,5.4,18837,18202,635,3.4
51075,VA,"Goochland County, VA",10927,10548,379,3.5,11236,10905,331,2.9,11581,11266,315,2.7,11426,10880,546,4.8,11232,10887,345,3.1
51077,VA,"Grayson County, VA",7744,7441,303,3.9,7744,7511,233,3.0,8173,7941,232,2.8,8022,7563,459,5.7,7841,7580,261,3.3
51079,VA,"Greene County, VA",10240,9932,308,3.0,10410,10150,260,2.5,10725,10477,248,2.3,10361,9824,537,5.2,10165,9861,304,3.0
51081,VA,"Greensville County, VA",4467,4275,192,4.3,4415,4255,160,3.6,4338,4192,146,3.4,4258,3975,283,6.6,4252,4045,207,4.9
51083,VA,"Halifax County, VA",15693,14933,760,4.8,15301,14682,619,4.0,15758,15146,612,3.9,15176,14114,1062,7.0,14798,14091,707,4.8
51085,VA,"Hanover County, VA",58679,56750,1929,3.3,59372,57837,1535,2.6,60155,58713,1442,2.4,58056,55260,2796,4.8,56895,55208,1687,3.0
51087,VA,"Henrico County, VA",181903,175322,6581,3.6,182576,177154,5422,3.0,184822,179699,5123,2.8,181386,169700,11686,6.4,176593,169543,7050,4.0
51089,VA,"Henry County, VA",23979,22876,1103,4.6,23903,23027,876,3.7,24068,23272,796,3.3,23761,21957,1804,7.6,23520,22423,1097,4.7
51091,VA,"Highland County, VA",1305,1263,42,3.2,1268,1233,35,2.8,1267,1233,34,2.7,1233,1187,46,3.7,1223,1188,35,2.9
51093,VA,"Isle of Wight County, VA",19268,18536,732,3.8,19541,18969,572,2.9,19834,19287,547,2.8,19391,18417,974,5.0,19026,18366,660,3.5
51095,VA,"James City County, VA",36236,34977,1259,3.5,36861,35805,1056,2.9,37256,36277,979,2.6,37050,34511,2539,6.9,35844,34422,1422,4.0
51097,VA,"King and Queen County, VA",3835,3703,132,3.4,3889,3772,117,3.0,3917,3809,108,2.8,3878,3682,196,5.1,3812,3692,120,3.1
51099,VA,"King George County, VA",13059,12575,484,3.7,13327,12937,390,2.9,13635,13275,360,2.6,13882,13263,619,4.5,13898,13496,402,2.9
51101,VA,"King William County, VA",9014,8707,307,3.4,9172,8905,267,2.9,9365,9114,251,2.7,9297,8804,493,5.3,9114,8809,305,3.3
51103,VA,"Lancaster County, VA",5384,5105,279,5.2,5344,5113,231,4.3,5471,5237,234,4.3,5360,4971,389,7.3,5244,4964,280,5.3
51105,VA,"Lee County, VA",8628,8186,442,5.1,8388,8047,341,4.1,8409,8073,336,4.0,8301,7772,529,6.4,8030,7705,325,4.0
51107,VA,"Loudoun County, VA",216176,209681,6495,3.0,221826,216382,5444,2.5,229631,224380,5251,2.3,227250,215250,12000,5.3,222649,215775,6874,3.1
51109,VA,"Louisa County, VA",19765,19098,667,3.4,19958,19408,550,2.8,20349,19810,539,2.6,20011,18973,1038,5.2,19910,19239,671,3.4
51111,VA,"Lunenburg County, VA",5404,5182,222,4.1,5372,5201,171,3.2,5387,5219,168,3.1,5254,4979,275,5.2,5044,4852,192,3.8
51113,VA,"Madison County, VA",7333,7120,213,2.9,7346,7168,178,2.4,7533,7368,165,2.2,7336,7058,278,3.8,7329,7148,181,2.5
51115,VA,"Mathews County, VA",4132,3980,152,3.7,4164,4040,124,3.0,4223,4103,120,2.8,4019,3821,198,4.9,3936,3811,125,3.2
51117,VA,"Mecklenburg County, VA",12859,12236,623,4.8,12792,12277,515,4.0,12834,12327,507,4.0,12674,11818,856,6.8,12429,11842,587,4.7
51119,VA,"Middlesex County, VA",5367,5194,173,3.2,5283,5142,141,2.7,5329,5194,135,2.5,5154,4893,261,5.1,5085,4914,171,3.4
51121,VA,"Montgomery County, VA",50146,48280,1866,3.7,50359,48891,1468,2.9,51066,49650,1416,2.8,49092,46761,2331,4.7,49360,47901,1459,3.0
51125,VA,"Nelson County, VA",7355,7100,255,3.5,7392,7165,227,3.1,7642,7434,208,2.7,7229,6822,407,5.6,7106,6857,249,3.5
51127,VA,"New Kent County, VA",12095,11714,381,3.2,12521,12185,336,2.7,13000,12696,304,2.3,12767,12190,577,4.5,12555,12184,371,3.0
51131,VA,"Northampton County, VA",5568,5258,310,5.6,5436,5145,291,5.4,5513,5270,243,4.4,5418,4998,420,7.8,5359,5071,288,5.4
51133,VA,"Northumberland County, VA",5612,5322,290,5.2,5595,5349,246,4.4,5740,5495,245,4.3,5663,5304,359,6.3,5503,5236,267,4.9
51135,VA,"Nottoway County, VA",7192,6920,272,3.8,7283,7061,222,3.0,7371,7170,201,2.7,7204,6841,363,5.0,7029,6772,257,3.7
51137,VA,"Orange County, VA",17015,16380,635,3.7,17184,16670,514,3.0,17591,17069,522,3.0,17148,16186,962,5.6,16992,16376,616,3.6
51139,VA,"Page County, VA",11981,11373,608,5.1,12009,11512,497,4.1,12190,11726,464,3.8,12022,11143,879,7.3,11897,11344,553,4.6
51141,VA,"Patrick County, VA",7762,7436,326,4.2,7508,7221,287,3.8,7464,7209,255,3.4,7236,6743,493,6.8,7016,6701,315,4.5
51143,VA,"Pittsylvania County, VA",30945,29632,1313,4.2,30789,29709,1080,3.5,30447,29440,1007,3.3,29972,28049,1923,6.4,29293,28119,1174,4.0
51145,VA,"Powhatan County, VA",13863,13408,455,3.3,14167,13792,375,2.6,14517,14153,364,2.5,14172,13491,681,4.8,13893,13492,401,2.9
51147,VA,"Prince Edward County, VA",10336,9841,495,4.8,10503,10105,398,3.8,10559,10167,392,3.7,10144,9494,650,6.4,9976,9498,478,4.8
51149,VA,"Prince George County, VA",15063,14398,665,4.4,15134,14590,544,3.6,15349,14840,509,3.3,14981,14016,965,6.4,14660,13998,662,4.5
51153,VA,"Prince William County, VA",241599,233452,8147,3.4,244923,238264,6659,2.7,250537,244236,6301,2.5,247678,231644,16034,6.5,241803,232243,9560,4.0
51155,VA,"Pulaski County, VA",16355,15492,863,5.3,16131,15579,552,3.4,16425,15874,551,3.4,16208,14938,1270,7.8,15938,15308,630,4.0
51157,VA,"Rappahannock County, VA",3682,3554,128,3.5,3676,3576,100,2.7,3811,3716,95,2.5,3626,3461,165,4.6,3584,3480,104,2.9
51159,VA,"Richmond County, VA",4083,3936,147,3.6,4091,3965,126,3.1,4118,3997,121,2.9,4040,3844,196,4.9,3904,3767,137,3.5
51161,VA,"Roanoke County, VA",49368,47703,1665,3.4,49560,48227,1333,2.7,50320,49061,1259,2.5,49086,46600,2486,5.1,47898,46394,1504,3.1
51163,VA,"Rockbridge County, VA",10672,10235,437,4.1,10674,10357,317,3.0,10940,10646,294,2.7,10438,9866,572,5.5,10381,9998,383,3.7
51165,VA,"Rockingham County, VA",40983,39664,1319,3.2,41497,40401,1096,2.6,43074,42064,1010,2.3,41777,39820,1957,4.7,41368,40151,1217,2.9
51167,VA,"Russell County, VA",11543,10948,595,5.2,11295,10818,477,4.2,11384,10914,470,4.1,11193,10453,740,6.6,10695,10233,462,4.3
51169,VA,"Scott County, VA",9392,9015,377,4.0,9191,8895,296,3.2,9221,8937,284,3.1,9003,8522,481,5.3,8792,8477,315,3.6
51171,VA,"Shenandoah County, VA",21831,21100,731,3.3,22392,21761,631,2.8,22553,21987,566,2.5,22175,21008,1167,5.3,21572,20802,770,3.6
51173,VA,"Smyth County, VA",14009,13317,692,4.9,13794,13251,543,3.9,13876,13366,510,3.7,13425,12562,863,6.4,13524,12977,547,4.0
51175,VA,"Southampton County, VA",9120,8796,324,3.6,9120,8869,251,2.8,9246,9003,243,2.6,9094,8649,445,4.9,8739,8435,304,3.5
51177,VA,"Spotsylvania County, VA",66005,63568,2437,3.7,66813,64787,2026,3.0,69053,67072,1981,2.9,68029,63987,4042,5.9,66679,64156,2523,3.8
51179,VA,"Stafford County, VA",70099,67592,2507,3.6,71845,69742,2103,2.9,74556,72525,2031,2.7,73839,69723,4116,5.6,72503,69867,2636,3.6
51181,VA,"Surry County, VA",3773,3609,164,4.3,3788,3660,128,3.4,3716,3590,126,3.4,3603,3398,205,5.7,3482,3349,133,3.8
51183,VA,"Sussex County, VA",3855,3628,227,5.9,3797,3611,186,4.9,3818,3646,172,4.5,3689,3373,316,8.6,3593,3359,234,6.5
51185,VA,"Tazewell County, VA",16303,15391,912,5.6,16065,15364,701,4.4,15867,15185,682,4.3,15510,14328,1182,7.6,14995,14210,785,5.2
51187,VA,"Warren County, VA",20052,19315,737,3.7,20372,19752,620,3.0,20816,20236,580,2.8,20346,19165,1181,5.8,19936,19231,705,3.5
51191,VA,"Washington County, VA",27081,25980,1101,4.1,26928,26027,901,3.3,26659,25776,883,3.3,25974,24474,1500,5.8,25246,24344,902,3.6
51193,VA,"Westmoreland County, VA",9444,9027,417,4.4,9463,9120,343,3.6,9634,9300,334,3.5,9527,8972,555,5.8,9508,9087,421,4.4
51195,VA,"Wise County, VA",13666,12804,862,6.3,13335,12683,652,4.9,13513,12895,618,4.6,13125,12138,987,7.5,12722,12058,664,5.2
51197,VA,"Wythe County, VA",14162,13457,705,5.0,13861,13350,511,3.7,13902,13410,492,3.5,13859,12790,1069,7.7,13516,12972,544,4.0
51199,VA,"York County, VA",32817,31676,1141,3.5,32983,32073,910,2.8,33521,32638,883,2.6,32801,30991,1810,5.5,31945,30888,1057,3.3
51510,VA,"Alexandria city, VA",100279,97446,2833,2.8,101002,98733,2269,2.2,102166,100011,2155,2.1,99382,93425,5957,6.0,97365,93692,3673,3.8
51520,VA,"Bristol city, VA",7415,7084,331,4.5,7248,6978,270,3.7,7386,7112,274,3.7,7558,6988,570,7.5,7313,6966,347,4.7
51530,VA,"Buena Vista city, VA",3387,3245,142,4.2,3384,3279,105,3.1,3508,3414,94,2.7,3200,3022,178,5.6,2961,2846,115,3.9
51540,VA,"Charlottesville city, VA",26018,25224,794,3.1,26225,25564,661,2.5,26484,25863,621,2.3,25278,23641,1637,6.5,24609,23706,903,3.7
51550,VA,"Chesapeake city, VA",122020,117462,4558,3.7,123520,119816,3704,3.0,125827,122255,3572,2.8,123014,115546,7468,6.1,119733,115125,4608,3.8
51570,VA,"Colonial Heights city, VA",8831,8477,354,4.0,8824,8533,291,3.3,8671,8393,278,3.2,8382,7783,599,7.1,8169,7778,391,4.8
51580,VA,"Covington city, VA",2469,2322,147,6.0,2423,2311,112,4.6,2438,2339,99,4.1,2414,2182,232,9.6,2279,2147,132,5.8
51590,VA,"Danville city, VA",20117,18991,1126,5.6,19763,18770,993,5.0,19360,18402,958,4.9,19244,17386,1858,9.7,18394,17190,1204,6.5
51595,VA,"Emporia city, VA",2384,2260,124,5.2,2356,2245,111,4.7,2333,2218,115,4.9,2347,2090,257,11.0,2336,2153,183,7.8
51600,VA,"Fairfax city, VA",13082,12710,372,2.8,13407,13104,303,2.3,13348,13063,285,2.1,12696,11962,734,5.8,12429,12004,425,3.4
51610,VA,"Falls Church city, VA",8408,8188,220,2.6,8568,8385,183,2.1,8641,8462,179,2.1,8264,7951,313,3.8,8196,7979,217,2.6
51620,VA,"Franklin city, VA",3604,3415,189,5.2,3624,3468,156,4.3,3632,3489,143,3.9,3647,3343,304,8.3,3481,3242,239,6.9
51630,VA,"Fredericksburg city, VA",13722,13128,594,4.3,14101,13617,484,3.4,14313,13835,478,3.3,14179,13175,1004,7.1,13853,13207,646,4.7
51640,VA,"Galax city, VA",3034,2909,125,4.1,2959,2858,101,3.4,2954,2860,94,3.2,2884,2661,223,7.7,2813,2698,115,4.1
51650,VA,"Hampton city, VA",65043,61795,3248,5.0,64888,62286,2602,4.0,65518,63068,2450,3.7,64985,59493,5492,8.5,62844,59278,3566,5.7
51660,VA,"Harrisonburg city, VA",25005,23915,1090,4.4,24799,23942,857,3.5,25018,24218,800,3.2,24374,22818,1556,6.4,23996,23027,969,4.0
51670,VA,"Hopewell city, VA",9833,9236,597,6.1,9740,9277,463,4.8,9754,9337,417,4.3,9723,8676,1047,10.8,9361,8662,699,7.5
51678,VA,"Lexington city, VA",2142,2014,128,6.0,2098,2000,98,4.7,2115,2017,98,4.6,2043,1902,141,6.9,2047,1946,101,4.9
51680,VA,"Lynchburg city, VA",36372,34606,1766,4.9,36598,35146,1452,4.0,36976,35617,1359,3.7,35861,33263,2598,7.2,34699,32939,1760,5.1
51683,VA,"Manassas city, VA",21844,21114,730,3.3,21990,21403,587,2.7,22089,21537,552,2.5,21506,20102,1404,6.5,20983,20162,821,3.9
51685,VA,"Manassas Park city, VA",8926,8629,297,3.3,9355,9103,252,2.7,9613,9377,236,2.5,9716,9071,645,6.6,9464,9104,360,3.8
51690,VA,"Martinsville city, VA",5560,5214,346,6.2,5523,5272,251,4.5,5538,5314,224,4.0,5649,5034,615,10.9,5531,5115,416,7.5
51700,VA,"Newport News city, VA",89790,85701,4089,4.6,89443,86228,3215,3.6,90560,87466,3094,3.4,89574,81831,7743,8.6,86364,81527,4837,5.6
51710,VA,"Norfolk city, VA",112669,107538,5131,4.6,112435,108386,4049,3.6,112836,108973,3863,3.4,111753,102070,9683,8.7,107879,101694,6185,5.7
51720,VA,"Norton city, VA",1717,1627,90,5.2,1681,1615,66,3.9,1699,1638,61,3.6,1661,1539,122,7.3,1604,1525,79,4.9
51730,VA,"Petersburg city, VA",13269,12308,961,7.2,13109,12311,798,6.1,13072,12343,729,5.6,13071,11221,1850,14.2,12529,11210,1319,10.5
51735,VA,"Poquoson city, VA",6326,6113,213,3.4,6425,6255,170,2.6,6532,6376,156,2.4,6241,5980,261,4.2,6130,5960,170,2.8
51740,VA,"Portsmouth city, VA",44681,42308,2373,5.3,44594,42790,1804,4.0,44890,43153,1737,3.9,44953,40715,4238,9.4,43482,40574,2908,6.7
51750,VA,"Radford city, VA",8417,8006,411,4.9,8699,8373,326,3.7,8808,8498,310,3.5,8546,8010,536,6.3,8551,8204,347,4.1
51760,VA,"Richmond city, VA",117943,112921,5022,4.3,118719,114564,4155,3.5,120429,116513,3916,3.3,120511,109953,10558,8.8,116270,109892,6378,5.5
51770,VA,"Roanoke city, VA",49421,47397,2024,4.1,49366,47784,1582,3.2,49666,48170,1496,3.0,49330,45554,3776,7.7,47664,45355,2309,4.8
51775,VA,"Salem city, VA",13160,12674,486,3.7,13033,12649,384,2.9,13037,12677,360,2.8,12745,12010,735,5.8,12390,11950,440,3.6
51790,VA,"Staunton city, VA",11975,11551,424,3.5,12135,11793,342,2.8,12396,12066,330,2.7,12253,11483,770,6.3,11849,11397,452,3.8
51800,VA,"Suffolk city, VA",44405,42616,1789,4.0,44945,43510,1435,3.2,45819,44444,1375,3.0,45344,42448,2896,6.4,44227,42283,1944,4.4
51810,VA,"Virginia Beach city, VA",233787,225590,8197,3.5,234644,228003,6641,2.8,236742,230437,6305,2.7,230879,216547,14332,6.2,224179,215879,8300,3.7
51820,VA,"Waynesboro city, VA",10520,10103,417,4.0,10625,10285,340,3.2,10826,10517,309,2.9,10650,9949,701,6.6,10298,9873,425,4.1
51830,VA,"Williamsburg city, VA",6804,6454,350,5.1,6737,6468,269,4.0,6827,6565,262,3.8,6831,6277,554,8.1,6579,6259,320,4.9
51840,VA,"Winchester city, VA",14611,14083,528,3.6,14690,14258,432,2.9,14953,14539,414,2.8,14688,13818,870,5.9,14437,13932,505,3.5
53001,WA,"Adams County, WA",8932,8428,504,5.6,9433,8924,509,5.4,9985,9411,574,5.7,9267,8599,668,7.2,9611,9080,531,5.5
53003,WA,"Asotin County, WA",10293,9868,425,4.1,10250,9811,439,4.3,10467,10029,438,4.2,10331,9799,532,5.1,10630,10235,395,3.7
53005,WA,"Benton County, WA",97393,92105,5288,5.4,99575,94389,5186,5.2,104153,98586,5567,5.3,105564,97191,8373,7.9,104773,98915,5858,5.6
53007,WA,"Chelan County, WA",44485,42367,2118,4.8,45381,43317,2064,4.5,45492,43236,2256,5.0,44686,41025,3661,8.2,44869,42496,2373,5.3
53009,WA,"Clallam County, WA",27884,26016,1868,6.7,28269,26474,1795,6.3,29134,27175,1959,6.7,28904,25951,2953,10.2,29371,27460,1911,6.5
53011,WA,"Clark County, WA",228847,217404,11443,5.0,234402,223243,11159,4.8,247294,235442,11852,4.8,243828,223280,20548,8.4,246019,232586,13433,5.5
53013,WA,"Columbia County, WA",1782,1684,98,5.5,1802,1703,99,5.5,1838,1737,101,5.5,1786,1661,125,7.0,1813,1718,95,5.2
53015,WA,"Cowlitz County, WA",45930,43184,2746,6.0,46590,43845,2745,5.9,48468,45512,2956,6.1,48928,44453,4475,9.1,48443,45358,3085,6.4
53017,WA,"Douglas County, WA",21201,20021,1180,5.6,21874,20718,1156,5.3,22336,21063,1273,5.7,21571,19783,1788,8.3,21948,20745,1203,5.5
53019,WA,"Ferry County, WA",2522,2248,274,10.9,2521,2230,291,11.5,2533,2243,290,11.4,2432,2151,281,11.6,2327,2121,206,8.9
53021,WA,"Franklin County, WA",40886,38334,2552,6.2,41895,39356,2539,6.1,43462,40623,2839,6.5,43838,40032,3806,8.7,43835,40954,2881,6.6
53023,WA,"Garfield County, WA",909,861,48,5.3,910,858,52,5.7,917,865,52,5.7,815,746,69,8.5,821,773,48,5.8
53025,WA,"Grant County, WA",45324,42534,2790,6.2,46785,43883,2902,6.2,47768,44452,3316,6.9,46989,42845,4144,8.8,47490,44357,3133,6.6
53027,WA,"Grays Harbor County, WA",27960,26015,1945,7.0,28408,26508,1900,6.7,29252,27140,2112,7.2,28733,25357,3376,11.7,29083,26828,2255,7.8
53029,WA,"Island County, WA",34102,32360,1742,5.1,34869,33058,1811,5.2,36329,34454,1875,5.2,36239,33268,2971,8.2,36507,34466,2041,5.6
53031,WA,"Jefferson County, WA",11968,11249,719,6.0,12337,11628,709,5.7,13000,12249,751,5.8,12908,11686,1222,9.5,12802,12008,794,6.2
53033,WA,"King County, WA",1231166,1187422,43744,3.6,1260655,1218696,41959,3.3,1285974,1250766,35208,2.7,1278594,1178362,100232,7.8,1278003,1223432,54571,4.3
53035,WA,"Kitsap County, WA",120912,115114,5798,4.8,124212,118498,5714,4.6,129785,123742,6043,4.7,128417,118545,9872,7.7,128186,121720,6466,5.0
53037,WA,"Kittitas County, WA",22362,21191,1171,5.2,22154,20949,1205,5.4,23853,22546,1307,5.5,22318,20321,1997,8.9,21787,20406,1381,6.3
53039,WA,"Klickitat County, WA",9931,9350,581,5.9,10149,9577,572,5.6,10388,9767,621,6.0,9738,8941,797,8.2,10105,9495,610,6.0
53041,WA,"Lewis County, WA",33251,31087,2164,6.5,34120,31989,2131,6.2,35263,33050,2213,6.3,34813,31557,3256,9.4,34798,32614,2184,6.3
53043,WA,"Lincoln County, WA",4972,4730,242,4.9,5104,4857,247,4.8,5092,4831,261,5.1,4680,4367,313,6.7,4691,4462,229,4.9
53045,WA,"Mason County, WA",23892,22345,1547,6.5,24587,23041,1546,6.3,25490,23846,1644,6.4,25435,22935,2500,9.8,25112,23362,1750,7.0
53047,WA,"Okanogan County, WA",21018,19611,1407,6.7,20728,19399,1329,6.4,20655,19241,1414,6.8,19464,17729,1735,8.9,19538,18246,1292,6.6
53049,WA,"Pacific County, WA",8375,7793,582,6.9,8461,7881,580,6.9,8628,8012,616,7.1,8296,7385,911,11.0,8569,7894,675,7.9
53051,WA,"Pend Oreille County, WA",4752,4405,347,7.3,4871,4525,346,7.1,5098,4687,411,8.1,5175,4652,523,10.1,5138,4747,391,7.6
53053,WA,"Pierce County, WA",417889,395846,22043,5.3,428250,406220,22030,5.1,447296,423850,23446,5.2,453641,410559,43082,9.5,448785,421606,27179,6.1
53055,WA,"San Juan County, WA",8229,7909,320,3.9,8330,8007,323,3.9,8737,8398,339,3.9,8126,7467,659,8.1,8376,7959,417,5.0
53057,WA,"Skagit County, WA",59620,56407,3213,5.4,60906,57759,3147,5.2,63910,60383,3527,5.5,63553,57472,6081,9.6,61981,58077,3904,6.3
53059,WA,"Skamania County, WA",5313,4994,319,6.0,5383,5085,298,5.5,5678,5366,312,5.5,5457,4956,501,9.2,5511,5161,350,6.4
53061,WA,"Snohomish County, WA",421436,404794,16642,3.9,429470,413908,15562,3.6,437889,424765,13124,3.0,438858,400158,38700,8.8,437145,415354,21791,5.0
53063,WA,"Spokane County, WA",240744,227979,12765,5.3,246687,233903,12784,5.2,257815,244022,13793,5.3,264531,242217,22314,8.4,260902,246886,14016,5.4
53065,WA,"Stevens County, WA",18168,16868,1300,7.2,18484,17176,1308,7.1,19182,17813,1369,7.1,19102,17374,1728,9.0,19010,17738,1272,6.7
53067,WA,"Thurston County, WA",134916,128322,6594,4.9,138851,132256,6595,4.7,144136,137010,7126,4.9,147482,135613,11869,8.0,145252,137708,7544,5.2
53069,WA,"Wahkiakum County, WA",1310,1217,93,7.1,1340,1251,89,6.6,1389,1296,93,6.7,1394,1273,121,8.7,1357,1267,90,6.6
53071,WA,"Walla Walla County, WA",28990,27577,1413,4.9,29520,28136,1384,4.7,30506,28984,1522,5.0,31044,28997,2047,6.6,31593,30137,1456,4.6
53073,WA,"Whatcom County, WA",110492,105060,5432,4.9,112320,107001,5319,4.7,116635,110694,5941,5.1,116973,106333,10640,9.1,113751,106929,6822,6.0
53075,WA,"Whitman County, WA",23423,22413,1010,4.3,23687,22652,1035,4.4,24433,23347,1086,4.4,22190,20921,1269,5.7,22366,21370,996,4.5
53077,WA,"Yakima County, WA",126111,117646,8465,6.7,129750,121562,8188,6.3,133513,123998,9515,7.1,133379,120855,12524,9.4,131217,122071,9146,7.0
54001,WV,"Barbour County, WV",6854,6454,400,5.8,6932,6522,410,5.9,7201,6772,429,6.0,7196,6611,585,8.1,7165,6786,379,5.3
54003,WV,"Berkeley County, WV",56532,54471,2061,3.6,58029,55703,2326,4.0,59048,56939,2109,3.6,58110,54586,3524,6.1,60140,57999,2141,3.6
54005,WV,"Boone County, WV",7600,7112,488,6.4,7520,7067,453,6.0,7387,6982,405,5.5,7361,6606,755,10.3,7259,6818,441,6.1
54007,WV,"Braxton County, WV",5283,4886,397,7.5,5149,4791,358,7.0,5242,4852,390,7.4,5195,4672,523,10.1,5097,4753,344,6.7
54009,WV,"Brooke County, WV",9835,9236,599,6.1,9954,9357,597,6.0,9988,9468,520,5.2,9752,8899,853,8.7,9939,9336,603,6.1
54011,WV,"Cabell County, WV",41770,39869,1901,4.6,41426,39497,1929,4.7,41444,39714,1730,4.2,41429,38200,3229,7.8,41419,39500,1919,4.6
54013,WV,"Calhoun County, WV",2421,2159,262,10.8,2441,2189,252,10.3,2562,2229,333,13.0,2491,2099,392,15.7,2495,2237,258,10.3
54015,WV,"Clay County, WV",3170,2896,274,8.6,3149,2888,261,8.3,3149,2879,270,8.6,3105,2723,382,12.3,3051,2815,236,7.7
54017,WV,"Doddridge County, WV",3911,3744,167,4.3,3996,3841,155,3.9,4004,3825,179,4.5,3901,3668,233,6.0,3867,3708,159,4.1
54019,WV,"Fayette County, WV",15833,14819,1014,6.4,16043,15037,1006,6.3,16246,15322,924,5.7,16014,14449,1565,9.8,15981,14987,994,6.2
54021,WV,"Gilmer County, WV",2418,2245,173,7.2,2388,2239,149,6.2,2375,2214,161,6.8,2294,2066,228,9.9,2321,2160,161,6.9
54023,WV,"Grant County, WV",5935,5602,333,5.6,5874,5544,330,5.6,5967,5639,328,5.5,5914,5539,375,6.3,5994,5726,268,4.5
54025,WV,"Greenbrier County, WV",15828,15057,771,4.9,15782,14991,791,5.0,16000,15255,745,4.7,15538,14316,1222,7.9,15744,15043,701,4.5
54027,WV,"Hampshire County, WV",10394,9986,408,3.9,10499,10057,442,4.2,10682,10266,416,3.9,10649,10076,573,5.4,11043,10670,373,3.4
54029,WV,"Hancock County, WV",12896,12114,782,6.1,13010,12255,755,5.8,13099,12421,678,5.2,12982,11712,1270,9.8,13098,12277,821,6.3
54031,WV,"Hardy County, WV",5940,5649,291,4.9,5836,5519,317,5.4,5808,5508,300,5.2,5746,5341,405,7.0,5672,5393,279,4.9
54033,WV,"Harrison County, WV",33369,31759,1610,4.8,34422,32885,1537,4.5,34589,33043,1546,4.5,33700,31085,2615,7.8,33767,32186,1581,4.7
54035,WV,"Jackson County, WV",12087,11398,689,5.7,16351,15706,645,3.9,13365,12689,676,5.1,12502,11444,1058,8.5,12040,11356,684,5.7
54037,WV,"Jefferson County, WV",29470,28556,914,3.1,29982,28991,991,3.3,30570,29615,955,3.1,29674,27945,1729,5.8,30391,29451,940,3.1
54039,WV,"Kanawha County, WV",83582,79331,4251,5.1,83247,79012,4235,5.1,82607,78800,3807,4.6,82265,75166,7099,8.6,81818,77575,4243,5.2
54041,WV,"Lewis County, WV",6563,6128,435,6.6,6733,6363,370,5.5,6806,6382,424,6.2,6201,5538,663,10.7,6196,5765,431,7.0
54043,WV,"Lincoln County, WV",7205,6711,494,6.9,7187,6697,490,6.8,7217,6758,459,6.4,7105,6404,701,9.9,7086,6621,465,6.6
54045,WV,"Logan County, WV",10844,10035,809,7.5,10839,10100,739,6.8,11169,10505,664,5.9,11063,9752,1311,11.9,11111,10376,735,6.6
54047,WV,"McDowell County, WV",4701,4280,421,9.0,4503,4086,417,9.3,4461,4052,409,9.2,4408,3869,539,12.2,4289,3936,353,8.2
54049,WV,"Marion County, WV",25502,24153,1349,5.3,25462,24026,1436,5.6,25734,24423,1311,5.1,24922,22801,2121,8.5,25080,23773,1307,5.2
54051,WV,"Marshall County, WV",14059,13221,838,6.0,14286,13467,819,5.7,14163,13258,905,6.4,13373,12071,1302,9.7,13367,12532,835,6.2
54053,WV,"Mason County, WV",10061,9384,677,6.7,10022,9332,690,6.9,10291,9676,615,6.0,10245,9397,848,8.3,10171,9609,562,5.5
54055,WV,"Mercer County, WV",21453,20200,1253,5.8,21194,19881,1313,6.2,20982,19784,1198,5.7,20745,18854,1891,9.1,20622,19377,1245,6.0
54057,WV,"Mineral County, WV",12285,11636,649,5.3,12412,11738,674,5.4,12629,11904,725,5.7,12071,11178,893,7.4,12215,11645,570,4.7
54059,WV,"Mingo County, WV",6799,6212,587,8.6,6909,6392,517,7.5,6901,6432,469,6.8,6722,5779,943,14.0,6220,5663,557,9.0
54061,WV,"Monongalia County, WV",53171,51190,1981,3.7,54228,52038,2190,4.0,54788,52791,1997,3.6,54222,50857,3365,6.2,55827,53636,2191,3.9
54063,WV,"Monroe County, WV",5932,5670,262,4.4,5850,5572,278,4.8,6001,5738,263,4.4,5994,5578,416,6.9,6090,5869,221,3.6
54065,WV,"Morgan County, WV",7864,7553,311,4.0,8044,7703,341,4.2,8217,7897,320,3.9,8241,7752,489,5.9,8532,8236,296,3.5
54067,WV,"Nicholas County, WV",9313,8646,667,7.2,9382,8786,596,6.4,9474,8873,601,6.3,9281,8328,953,10.3,9085,8541,544,6.0
54069,WV,"Ohio County, WV",21045,20055,990,4.7,21540,20563,977,4.5,21201,20241,960,4.5,20250,18585,1665,8.2,20333,19292,1041,5.1
54071,WV,"Pendleton County, WV",3582,3447,135,3.8,3569,3438,131,3.7,3699,3555,144,3.9,3635,3460,175,4.8,3763,3651,112,3.0
54073,WV,"Pleasants County, WV",2834,2634,200,7.1,2872,2696,176,6.1,2912,2712,200,6.9,2677,2384,293,10.9,2696,2503,193,7.2
54075,WV,"Pocahontas County, WV",3769,3545,224,5.9,3838,3605,233,6.1,3901,3680,221,5.7,3797,3455,342,9.0,3920,3724,196,5.0
54077,WV,"Preston County, WV",15307,14549,758,5.0,15486,14686,800,5.2,15565,14849,716,4.6,15234,14140,1094,7.2,15649,14943,706,4.5
54079,WV,"Putnam County, WV",26396,25153,1243,4.7,26638,25347,1291,4.8,26945,25768,1177,4.4,26841,24901,1940,7.2,26881,25751,1130,4.2
54081,WV,"Raleigh County, WV",29579,27991,1588,5.4,30002,28457,1545,5.1,30513,29080,1433,4.7,30123,27493,2630,8.7,30080,28502,1578,5.2
54083,WV,"Randolph County, WV",12215,11556,659,5.4,12152,11493,659,5.4,12400,11662,738,6.0,12184,11091,1093,9.0,12058,11386,672,5.6
54085,WV,"Ritchie County, WV",4431,4187,244,5.5,4356,4126,230,5.3,4406,4154,252,5.7,4352,3996,356,8.2,4330,4089,241,5.6
54087,WV,"Roane County, WV",5056,4615,441,8.7,4996,4610,386,7.7,5126,4634,492,9.6,5085,4470,615,12.1,5017,4592,425,8.5
54089,WV,"Summers County, WV",4406,4146,260,5.9,4252,3996,256,6.0,4350,4110,240,5.5,4337,4007,330,7.6,4471,4261,210,4.7
54091,WV,"Taylor County, WV",7855,7469,386,4.9,7861,7485,376,4.8,7917,7531,386,4.9,7724,7167,557,7.2,7848,7485,363,4.6
54093,WV,"Tucker County, WV",3422,3245,177,5.2,3361,3179,182,5.4,3350,3176,174,5.2,3306,3036,270,8.2,3427,3243,184,5.4
54095,WV,"Tyler County, WV",3235,2986,249,7.7,3131,2906,225,7.2,3163,2919,244,7.7,3012,2697,315,10.5,2980,2742,238,8.0
54097,WV,"Upshur County, WV",9467,8884,583,6.2,9490,8955,535,5.6,9654,9078,576,6.0,9564,8671,893,9.3,9681,9080,601,6.2
54099,WV,"Wayne County, WV",15681,14768,913,5.8,15754,14829,925,5.9,15776,14920,856,5.4,15570,14287,1283,8.2,15573,14771,802,5.1
54101,WV,"Webster County, WV",3319,3109,210,6.3,3202,3001,201,6.3,3316,3107,209,6.3,3265,2965,300,9.2,3241,3041,200,6.2
54103,WV,"Wetzel County, WV",6780,6267,513,7.6,6625,6157,468,7.1,6629,6148,481,7.3,6497,5858,639,9.8,6698,6249,449,6.7
54105,WV,"Wirt County, WV",2211,2036,175,7.9,2235,2081,154,6.9,2315,2133,182,7.9,2232,1996,236,10.6,2271,2098,173,7.6
54107,WV,"Wood County, WV",36362,34363,1999,5.5,36410,34451,1959,5.4,36809,34924,1885,5.1,36102,32991,3111,8.6,36539,34608,1931,5.3
54109,WV,"Wyoming County, WV",6908,6419,489,7.1,6872,6399,473,6.9,6667,6200,467,7.0,6829,6164,665,9.7,7183,6767,416,5.8
55001,WI,"Adams County, WI",8258,7842,416,5.0,8205,7821,384,4.7,8186,7790,396,4.8,8138,7354,784,9.6,8020,7524,496,6.2
55003,WI,"Ashland County, WI",7917,7559,358,4.5,7932,7597,335,4.2,7904,7544,360,4.6,7700,7037,663,8.6,7713,7324,389,5.0
55005,WI,"Barron County, WI",24774,23916,858,3.5,24991,24157,834,3.3,24479,23554,925,3.8,24170,22692,1478,6.1,24374,23434,940,3.9
55007,WI,"Bayfield County, WI",7602,7211,391,5.1,7597,7230,367,4.8,7591,7187,404,5.3,7569,6871,698,9.2,7606,7169,437,5.7
55009,WI,"Brown County, WI",143180,138992,4188,2.9,143144,139237,3907,2.7,142219,138014,4205,3.0,141840,133226,8614,6.1,142598,137757,4841,3.4
55011,WI,"Buffalo County, WI",6600,6355,245,3.7,6619,6394,225,3.4,6474,6219,255,3.9,6419,5941,478,7.4,6371,6105,266,4.2
55013,WI,"Burnett County, WI",7368,7015,353,4.8,7322,6987,335,4.6,7162,6799,363,5.1,7270,6610,660,9.1,7415,7024,391,5.3
55015,WI,"Calumet County, WI",27994,27217,777,2.8,27802,27089,713,2.6,27614,26875,739,2.7,27404,26108,1296,4.7,27758,26984,774,2.8
55017,WI,"Chippewa County, WI",33548,32382,1166,3.5,33459,32370,1089,3.3,33517,32308,1209,3.6,33248,31163,2085,6.3,33814,32489,1325,3.9
55019,WI,"Clark County, WI",18020,17477,543,3.0,18085,17570,515,2.8,17801,17244,557,3.1,17630,16830,800,4.5,17911,17339,572,3.2
55021,WI,"Columbia County, WI",31816,30883,933,2.9,31572,30724,848,2.7,31819,30890,929,2.9,31532,29655,1877,6.0,31978,30897,1081,3.4
55023,WI,"Crawford County, WI",7905,7579,326,4.1,7862,7575,287,3.7,7614,7308,306,4.0,7457,6907,550,7.4,7518,7186,332,4.4
55025,WI,"Dane County, WI",321487,313791,7696,2.4,321110,313959,7151,2.2,325885,318339,7546,2.3,324532,308816,15716,4.8,331664,322279,9385,2.8
55027,WI,"Dodge County, WI",48559,47160,1399,2.9,48132,46878,1254,2.6,47687,46321,1366,2.9,47884,45349,2535,5.3,48501,46971,1530,3.2
55029,WI,"Door County, WI",15617,15023,594,3.8,15468,14919,549,3.5,15389,14839,550,3.6,15125,14089,1036,6.8,15656,14973,683,4.4
55031,WI,"Douglas County, WI",23619,22575,1044,4.4,23294,22378,916,3.9,23137,22217,920,4.0,23453,21315,2138,9.1,23110,22100,1010,4.4
55033,WI,"Dunn County, WI",24523,23728,795,3.2,24451,23712,739,3.0,24246,23430,816,3.4,23890,22559,1331,5.6,24274,23412,862,3.6
55035,WI,"Eau Claire County, WI",59484,57765,1719,2.9,59263,57728,1535,2.6,59093,57380,1713,2.9,59026,55713,3313,5.6,60074,58133,1941,3.2
55037,WI,"Florence County, WI",2295,2188,107,4.7,2276,2189,87,3.8,2220,2120,100,4.5,2209,2032,177,8.0,2244,2137,107,4.8
55039,WI,"Fond du Lac County, WI",57223,55611,1612,2.8,57429,55920,1509,2.6,57497,55886,1611,2.8,56385,53054,3331,5.9,57149,55311,1838,3.2
55041,WI,"Forest County, WI",4038,3836,202,5.0,3988,3798,190,4.8,4026,3828,198,4.9,3934,3437,497,12.6,3957,3692,265,6.7
55043,WI,"Grant County, WI",28280,27397,883,3.1,28337,27550,787,2.8,27894,27037,857,3.1,27619,26171,1448,5.2,27648,26817,831,3.0
55045,WI,"Green County, WI",21192,20615,577,2.7,21134,20595,539,2.6,21160,20583,577,2.7,20491,19488,1003,4.9,20919,20290,629,3.0
55047,WI,"Green Lake County, WI",9740,9378,362,3.7,9739,9418,321,3.3,9494,9144,350,3.7,9328,8686,642,6.9,9386,8980,406,4.3
55049,WI,"Iowa County, WI",13844,13440,404,2.9,13839,13481,358,2.6,13738,13362,376,2.7,13568,12733,835,6.2,13712,13249,463,3.4
55051,WI,"Iron County, WI",2615,2455,160,6.1,2583,2434,149,5.8,2550,2403,147,5.8,2578,2285,293,11.4,2580,2415,165,6.4
55053,WI,"Jackson County, WI",10456,10109,347,3.3,10601,10275,326,3.1,10288,9910,378,3.7,10020,9085,935,9.3,9616,9120,496,5.2
55055,WI,"Jefferson County, WI",45756,44308,1448,3.2,46214,44900,1314,2.8,46051,44685,1366,3.0,45622,43114,2508,5.5,46726,45172,1554,3.3
55057,WI,"Juneau County, WI",13631,13181,450,3.3,13552,13142,410,3.0,13514,13088,426,3.2,13459,12485,974,7.2,13532,12951,581,4.3
55059,WI,"Kenosha County, WI",89686,86235,3451,3.8,89794,86650,3144,3.5,90410,87016,3394,3.8,90015,83601,6414,7.1,91211,87289,3922,4.3
55061,WI,"Kewaunee County, WI",11222,10878,344,3.1,11239,10918,321,2.9,11050,10712,338,3.1,10744,10247,497,4.6,10882,10572,310,2.8
55063,WI,"La Crosse County, WI",67867,65900,1967,2.9,67166,65420,1746,2.6,66408,64578,1830,2.8,66060,62474,3586,5.4,67244,65207,2037,3.0
55065,WI,"Lafayette County, WI",10186,9930,256,2.5,10246,10013,233,2.3,10136,9881,255,2.5,9924,9498,426,4.3,10241,9976,265,2.6
55067,WI,"Langlade County, WI",9671,9266,405,4.2,9515,9141,374,3.9,9338,8969,369,4.0,9402,8789,613,6.5,9521,9091,430,4.5
55069,WI,"Lincoln County, WI",15544,14996,548,3.5,15319,14843,476,3.1,15115,14582,533,3.5,14875,13990,885,5.9,14926,14379,547,3.7
55071,WI,"Manitowoc County, WI",41833,40370,1463,3.5,41355,40087,1268,3.1,41088,39761,1327,3.2,40918,38371,2547,6.2,41403,39988,1415,3.4
55073,WI,"Marathon County, WI",74098,71936,2162,2.9,74184,72236,1948,2.6,73718,71689,2029,2.8,73260,69592,3668,5.0,74339,72132,2207,3.0
55075,WI,"Marinette County, WI",19816,18946,870,4.4,19670,18887,783,4.0,19494,18645,849,4.4,19762,18215,1547,7.8,19634,18777,857,4.4
55077,WI,"Marquette County, WI",7628,7338,290,3.8,7721,7450,271,3.5,7763,7473,290,3.7,7758,7235,523,6.7,7840,7493,347,4.4
55078,WI,"Menominee County, WI",1612,1517,95,5.9,1631,1537,94,5.8,1598,1473,125,7.8,1666,1407,259,15.5,1593,1456,137,8.6
55079,WI,"Milwaukee County, WI",476413,457332,19081,4.0,470208,453165,17043,3.6,467554,449725,17829,3.8,468910,429967,38943,8.3,469201,443758,25443,5.4
55081,WI,"Monroe County, WI",23591,22903,688,2.9,23627,22985,642,2.7,23468,22798,670,2.9,23640,22318,1322,5.6,23783,23013,770,3.2
55083,WI,"Oconto County, WI",20705,19980,725,3.5,20837,20156,681,3.3,20584,19876,708,3.4,20670,19369,1301,6.3,20816,20039,777,3.7
55085,WI,"Oneida County, WI",18413,17716,697,3.8,18212,17570,642,3.5,17948,17213,735,4.1,18086,16774,1312,7.3,18205,17422,783,4.3
55087,WI,"Outagamie County, WI",104295,101177,3118,3.0,103706,100823,2883,2.8,103721,100792,2929,2.8,104152,98393,5759,5.5,105055,101769,3286,3.1
55089,WI,"Ozaukee County, WI",49310,47960,1350,2.7,49431,48192,1239,2.5,49283,47943,1340,2.7,48975,46310,2665,5.4,49395,47882,1513,3.1
55091,WI,"Pepin County, WI",4228,4081,147,3.5,4238,4102,136,3.2,4166,4020,146,3.5,4140,3897,243,5.9,4129,3990,139,3.4
55093,WI,"Pierce County, WI",25238,24398,840,3.3,25552,24743,809,3.2,25445,24626,819,3.2,25010,23256,1754,7.0,25048,24184,864,3.4
55095,WI,"Polk County, WI",24912,23984,928,3.7,24662,23758,904,3.7,24644,23700,944,3.8,24772,22992,1780,7.2,25025,23985,1040,4.2
55097,WI,"Portage County, WI",39737,38527,1210,3.0,39206,38039,1167,3.0,38677,37481,1196,3.1,37941,35883,2058,5.4,38366,37021,1345,3.5
55099,WI,"Price County, WI",6814,6561,253,3.7,6655,6410,245,3.7,6480,6208,272,4.2,6289,5860,429,6.8,6341,6075,266,4.2
55101,WI,"Racine County, WI",99964,95938,4026,4.0,99492,95909,3583,3.6,98894,95042,3852,3.9,98515,91314,7201,7.3,98979,94312,4667,4.7
55103,WI,"Richland County, WI",9313,9037,276,3.0,9326,9084,242,2.6,9234,8958,276,3.0,9129,8661,468,5.1,9076,8758,318,3.5
55105,WI,"Rock County, WI",85513,82375,3138,3.7,85275,82522,2753,3.2,85861,82813,3048,3.5,85964,79829,6135,7.1,86855,82991,3864,4.4
55107,WI,"Rusk County, WI",7008,6700,308,4.4,6978,6703,275,3.9,6746,6433,313,4.6,6623,6181,442,6.7,6633,6340,293,4.4
55109,WI,"St. Croix County, WI",50311,48755,1556,3.1,50635,49115,1520,3.0,50917,49302,1615,3.2,50854,47270,3584,7.0,50927,49212,1715,3.4
55111,WI,"Sauk County, WI",35643,34615,1028,2.9,35682,34777,905,2.5,35779,34788,991,2.8,34747,32125,2622,7.5,34936,33522,1414,4.0
55113,WI,"Sawyer County, WI",8019,7649,370,4.6,7977,7636,341,4.3,8026,7664,362,4.5,8027,7393,634,7.9,8109,7696,413,5.1
55115,WI,"Shawano County, WI",21510,20824,686,3.2,21475,20834,641,3.0,21147,20499,648,3.1,20976,19627,1349,6.4,21183,20394,789,3.7
55117,WI,"Sheboygan County, WI",62758,61028,1730,2.8,62736,61177,1559,2.5,62462,60834,1628,2.6,62077,58505,3572,5.8,62287,60350,1937,3.1
55119,WI,"Taylor County, WI",11141,10759,382,3.4,11069,10729,340,3.1,10977,10594,383,3.5,11097,10555,542,4.9,11197,10823,374,3.3
55121,WI,"Trempealeau County, WI",16519,16018,501,3.0,16368,15906,462,2.8,16013,15465,548,3.4,15801,14690,1111,7.0,15613,15033,580,3.7
55123,WI,"Vernon County, WI",15777,15294,483,3.1,15513,15071,442,2.8,15456,14975,481,3.1,15096,14305,791,5.2,15531,15029,502,3.2
55125,WI,"Vilas County, WI",10191,9753,438,4.3,10183,9785,398,3.9,10255,9844,411,4.0,10419,9667,752,7.2,10564,10064,500,4.7
55127,WI,"Walworth County, WI",58110,56223,1887,3.2,58449,56744,1705,2.9,58029,56215,1814,3.1,57061,53583,3478,6.1,58402,56288,2114,3.6
55129,WI,"Washburn County, WI",7938,7629,309,3.9,7941,7635,306,3.9,7850,7546,304,3.9,7878,7334,544,6.9,7983,7621,362,4.5
55131,WI,"Washington County, WI",77965,75813,2152,2.8,77835,75867,1968,2.5,77692,75579,2113,2.7,76822,72478,4344,5.7,77152,74781,2371,3.1
55133,WI,"Waukesha County, WI",226787,220266,6521,2.9,226496,220529,5967,2.6,226336,220051,6285,2.8,224176,211634,12542,5.6,225548,218557,6991,3.1
55135,WI,"Waupaca County, WI",26675,25833,842,3.2,26345,25575,770,2.9,26015,25207,808,3.1,25800,24368,1432,5.6,26182,25262,920,3.5
55137,WI,"Waushara County, WI",11445,10994,451,3.9,11641,11240,401,3.4,11470,11026,444,3.9,11116,10404,712,6.4,11394,10913,481,4.2
55139,WI,"Winnebago County, WI",93894,91113,2781,3.0,92461,89949,2512,2.7,91860,89227,2633,2.9,92380,87328,5052,5.5,93109,90123,2986,3.2
55141,WI,"Wood County, WI",35117,33816,1301,3.7,35339,34134,1205,3.4,35249,33968,1281,3.6,34855,32511,2344,6.7,34769,33241,1528,4.4
56001,WY,"Albany County, WY",20520,19914,606,3.0,20450,19773,677,3.3,20511,19862,649,3.2,20572,19810,762,3.7,20767,20086,681,3.3
56003,WY,"Big Horn County, WY",5375,5140,235,4.4,5290,5040,250,4.7,5226,4993,233,4.5,5293,5028,265,5.0,5316,5081,235,4.4
56005,WY,"Campbell County, WY",23092,21934,1158,5.0,23103,22156,947,4.1,23314,22424,890,3.8,23166,21591,1575,6.8,22000,20842,1158,5.3
56007,WY,"Carbon County, WY",7924,7597,327,4.1,7887,7592,295,3.7,7799,7527,272,3.5,7925,7562,363,4.6,7884,7579,305,3.9
56009,WY,"Converse County, WY",7503,7159,344,4.6,7673,7390,283,3.7,8658,8406,252,2.9,8000,7528,472,5.9,7496,7132,364,4.9
56011,WY,"Crook County, WY",3694,3560,134,3.6,3741,3620,121,3.2,3745,3622,123,3.3,3841,3693,148,3.9,3833,3704,129,3.4
56013,WY,"Fremont County, WY",19414,18306,1108,5.7,18986,17993,993,5.2,18798,17941,857,4.6,19017,17833,1184,6.2,18927,18039,888,4.7
56015,WY,"Goshen County, WY",6940,6734,206,3.0,6861,6633,228,3.3,6479,6232,247,3.8,6505,6225,280,4.3,6531,6304,227,3.5
56017,WY,"Hot Springs County, WY",2339,2245,94,4.0,2239,2157,82,3.7,2194,2116,78,3.6,2229,2119,110,4.9,2246,2159,87,3.9
56019,WY,"Johnson County, WY",4208,4027,181,4.3,4255,4085,170,4.0,4169,4012,157,3.8,4173,3944,229,5.5,4242,4068,174,4.1
56021,WY,"Laramie County, WY",48342,46519,1823,3.8,48410,46535,1875,3.9,49452,47695,1757,3.6,50114,47565,2549,5.1,49373,47397,1976,4.0
56023,WY,"Lincoln County, WY",8771,8440,331,3.8,8824,8488,336,3.8,9040,8727,313,3.5,9294,8831,463,5.0,9514,9154,360,3.8
56025,WY,"Natrona County, WY",39647,37509,2138,5.4,39451,37622,1829,4.6,40119,38500,1619,4.0,40081,36982,3099,7.7,39057,36688,2369,6.1
56027,WY,"Niobrara County, WY",1304,1267,37,2.8,1287,1251,36,2.8,1228,1193,35,2.9,1233,1188,45,3.6,1259,1214,45,3.6
56029,WY,"Park County, WY",15735,15045,690,4.4,15663,14979,684,4.4,15366,14720,646,4.2,15203,14385,818,5.4,15562,14926,636,4.1
56031,WY,"Platte County, WY",4787,4605,182,3.8,4805,4625,180,3.7,4567,4403,164,3.6,4580,4351,229,5.0,4508,4327,181,4.0
56033,WY,"Sheridan County, WY",15843,15205,638,4.0,15806,15165,641,4.1,15592,15020,572,3.7,16002,15210,792,4.9,16018,15344,674,4.2
56035,WY,"Sublette County, WY",4268,4071,197,4.6,4269,4086,183,4.3,4083,3891,192,4.7,4020,3730,290,7.2,3990,3766,224,5.6
56037,WY,"Sweetwater County, WY",21620,20612,1008,4.7,21383,20486,897,4.2,21285,20430,855,4.0,20503,18998,1505,7.3,19449,18360,1089,5.6
56039,WY,"Teton County, WY",15457,15007,450,2.9,15467,15002,465,3.0,15867,15417,450,2.8,15138,14251,887,5.9,15886,15375,511,3.2
56041,WY,"Uinta County, WY",9132,8703,429,4.7,9070,8676,394,4.3,9219,8852,367,4.0,9102,8532,570,6.3,8832,8389,443,5.0
56043,WY,"Washakie County, WY",4125,3954,171,4.1,4077,3904,173,4.2,3878,3717,161,4.2,3945,3739,206,5.2,3978,3819,159,4.0
56045,WY,"Weston County, WY",3765,3611,154,4.1,3786,3652,134,3.5,3793,3679,114,3.0,3789,3645,144,3.8,3741,3622,119,3.2
72001,PR,"Adjuntas Municipio, PR",4368,3710,658,15.1,4036,3484,552,13.7,4182,3545,637,15.2,,,,,4475,3967,508,11.4
72003,PR,"Aguada Municipio, PR",11868,10334,1534,12.9,11848,10534,1314,11.1,11947,10744,1203,10.1,,,,,12927,11801,1126,8.7
72005,PR,"Aguadilla Municipio, PR",14891,12732,2159,14.5,14663,12846,1817,12.4,14494,13004,1490,10.3,,,,,15629,14194,1435,9.2
72007,PR,"Aguas Buenas Municipio, PR",6616,5789,827,12.5,6485,5832,653,10.1,6518,5918,600,9.2,,,,,6988,6347,641,9.2
72009,PR,"Aibonito Municipio, PR",6575,5643,932,14.2,6434,5667,767,11.9,6469,5793,676,10.4,,,,,6712,6149,563,8.4
72011,PR,"Anasco Municipio, PR",8952,7831,1121,12.5,8812,7966,846,9.6,8885,8137,748,8.4,,,,,9704,8940,764,7.9
72013,PR,"Arecibo Municipio, PR",23532,20772,2760,11.7,23268,20853,2415,10.4,23907,21618,2289,9.6,,,,,25670,23507,2163,8.4
72015,PR,"Arroyo Municipio, PR",5000,4113,887,17.7,4629,3995,634,13.7,4716,4086,630,13.4,,,,,4967,4514,453,9.1
72017,PR,"Barceloneta Municipio, PR",5884,5060,824,14.0,5829,5143,686,11.8,5962,5291,671,11.3,,,,,6363,5718,645,10.1
72019,PR,"Barranquitas Municipio, PR",7372,6535,837,11.4,7360,6612,748,10.2,7418,6777,641,8.6,,,,,7712,7066,646,8.4
72021,PR,"Bayamon Municipio, PR",64846,59877,4969,7.7,64180,59816,4364,6.8,64580,60515,4065,6.3,,,,,69864,64650,5214,7.5
72023,PR,"Cabo Rojo Municipio, PR",13946,12047,1899,13.6,13617,12195,1422,10.4,13596,12417,1179,8.7,,,,,15042,13772,1270,8.4
72025,PR,"Caguas Municipio, PR",47504,43195,4309,9.1,47283,43609,3674,7.8,47664,44432,3232,6.8,,,,,51110,47653,3457,6.8
72027,PR,"Camuy Municipio, PR",9387,8297,1090,11.6,9312,8395,917,9.8,9509,8696,813,8.5,,,,,10241,9478,763,7.5
72029,PR,"Canovanas Municipio, PR",16013,14452,1561,9.7,15935,14682,1253,7.9,16116,15058,1058,6.6,,,,,17540,16282,1258,7.2
72031,PR,"Carolina Municipio, PR",61105,56351,4754,7.8,60752,56627,4125,6.8,60969,57379,3590,5.9,,,,,66051,61276,4775,7.2
72033,PR,"Catano Municipio, PR",7782,7076,706,9.1,7723,7103,620,8.0,7762,7202,560,7.2,,,,,8412,7720,692,8.2
72035,PR,"Cayey Municipio, PR",16107,14479,1628,10.1,15884,14655,1229,7.7,16084,14954,1130,7.0,,,,,17165,16142,1023,6.0
72037,PR,"Ceiba Municipio, PR",3774,3265,509,13.5,3777,3263,514,13.6,3673,3289,384,10.5,,,,,3854,3509,345,9.0
72039,PR,"Ciales Municipio, PR",3834,3215,619,16.1,3682,3223,459,12.5,3678,3271,407,11.1,,,,,3941,3479,462,11.7
72041,PR,"Cidra Municipio, PR",15246,13964,1282,8.4,15273,14114,1159,7.6,15455,14400,1055,6.8,,,,,16380,15454,926,5.7
72043,PR,"Coamo Municipio, PR",10349,8669,1680,16.2,9913,8540,1373,13.9,9909,8686,1223,12.3,,,,,10923,9935,988,9.0
72045,PR,"Comerio Municipio, PR",4948,4366,582,11.8,4869,4368,501,10.3,4899,4462,437,8.9,,,,,5242,4765,477,9.1
72047,PR,"Corozal Municipio, PR",9013,7994,1019,11.3,8884,8046,838,9.4,8921,8106,815,9.1,,,,,9558,8584,974,10.2
72049,PR,"Culebra Municipio, PR",912,872,40,4.4,894,855,39,4.4,896,868,28,3.1,,,,,953,894,59,6.2
72051,PR,"Dorado Municipio, PR",12819,11936,883,6.9,12884,12134,750,5.8,13255,12502,753,5.7,,,,,14425,13556,869,6.0
72053,PR,"Fajardo Municipio, PR",11112,9630,1482,13.3,11176,9601,1575,14.1,10866,9697,1169,10.8,,,,,11387,10321,1066,9.4
72054,PR,"Florida Municipio, PR",3359,2879,480,14.3,3298,2906,392,11.9,3311,2951,360,10.9,,,,,3512,3150,362,10.3
72055,PR,"Guanica Municipio, PR",4053,3312,741,18.3,3927,3320,607,15.5,3978,3388,590,14.8,,,,,4284,3696,588,13.7
72057,PR,"Guayama Municipio, PR",11746,9908,1838,15.6,11072,9599,1473,13.3,11144,9801,1343,12.1,,,,,11695,10793,902,7.7
72059,PR,"Guayanilla Municipio, PR",5085,4251,834,16.4,4929,4219,710,14.4,5066,4365,701,13.8,,,,,5334,4754,580,10.9
72061,PR,"Guaynabo Municipio, PR",36752,34813,1939,5.3,36813,35198,1615,4.4,37417,35881,1536,4.1,,,,,40599,38733,1866,4.6
72063,PR,"Gurabo Municipio, PR",17559,16277,1282,7.3,17832,16693,1139,6.4,18388,17349,1039,5.7,,,,,19938,18907,1031,5.2
72065,PR,"Hatillo Municipio, PR",13086,11258,1828,14.0,13158,11488,1670,12.7,13702,12035,1667,12.2,,,,,14310,13197,1113,7.8
72067,PR,"Hormigueros Municipio, PR",5538,4833,705,12.7,5418,4886,532,9.8,5406,4942,464,8.6,,,,,5988,5462,526,8.8
72069,PR,"Humacao Municipio, PR",17374,14948,2426,14.0,17054,15084,1970,11.6,17175,15444,1731,10.1,,,,,18437,16967,1470,8.0
72071,PR,"Isabela Municipio, PR",12599,10912,1687,13.4,12379,11067,1312,10.6,12453,11331,1122,9.0,,,,,12774,11742,1032,8.1
72073,PR,"Jayuya Municipio, PR",4249,3697,552,13.0,4119,3681,438,10.6,4243,3645,598,14.1,,,,,4565,3990,575,12.6
72075,PR,"Juana Diaz Municipio, PR",15029,13090,1939,12.9,14823,13270,1553,10.5,15147,13643,1504,9.9,,,,,16686,15444,1242,7.4
72077,PR,"Juncos Municipio, PR",12321,10898,1423,11.5,12184,11028,1156,9.5,12367,11338,1029,8.3,,,,,13318,12218,1100,8.3
72079,PR,"Lajas Municipio, PR",5473,4409,1064,19.4,5236,4434,802,15.3,5184,4521,663,12.8,,,,,5643,4943,700,12.4
72081,PR,"Lares Municipio, PR",7235,5888,1347,18.6,6975,5847,1128,16.2,6963,5937,1026,14.7,,,,,7483,6456,1027,13.7
72083,PR,"Las Marias Municipio, PR",2802,2224,578,20.6,2620,2250,370,14.1,2672,2365,307,11.5,,,,,2872,2531,341,11.9
72085,PR,"Las Piedras Municipio, PR",11244,9897,1347,12.0,11147,10070,1077,9.7,11417,10404,1013,8.9,,,,,12197,11265,932,7.6
72087,PR,"Loiza Municipio, PR",8428,7619,809,9.6,8310,7619,691,8.3,8347,7708,639,7.7,,,,,8974,8187,787,8.8
72089,PR,"Luquillo Municipio, PR",6223,5424,799,12.8,6337,5483,854,13.5,6202,5613,589,9.5,,,,,6622,6035,587,8.9
72091,PR,"Manati Municipio, PR",11505,10282,1223,10.6,11381,10401,980,8.6,11448,10534,914,8.0,,,,,12005,11097,908,7.6
72093,PR,"Maricao Municipio, PR",2024,1618,406,20.1,1904,1617,287,15.1,1916,1654,262,13.7,,,,,2074,1824,250,12.1
72095,PR,"Maunabo Municipio, PR",2949,2439,510,17.3,2895,2454,441,15.2,2929,2487,442,15.1,,,,,2997,2651,346,11.5
72097,PR,"Mayaguez Municipio, PR",22579,19422,3157,14.0,21958,19459,2499,11.4,21768,19462,2306,10.6,,,,,23566,21510,2056,8.7
72099,PR,"Moca Municipio, PR",10707,9133,1574,14.7,10516,9280,1236,11.8,10498,9401,1097,10.4,,,,,11323,10258,1065,9.4
72101,PR,"Morovis Municipio, PR",8028,7032,996,12.4,7888,7122,766,9.7,8015,7288,727,9.1,,,,,8636,7848,788,9.1
72103,PR,"Naguabo Municipio, PR",8013,7120,893,11.1,8157,7254,903,11.1,8237,7509,728,8.8,,,,,8818,8162,656,7.4
72105,PR,"Naranjito Municipio, PR",7155,6308,847,11.8,7064,6371,693,9.8,7080,6483,597,8.4,,,,,7691,6884,807,10.5
72107,PR,"Orocovis Municipio, PR",5096,4369,727,14.3,4995,4380,615,12.3,4947,4441,506,10.2,,,,,5169,4645,524,10.1
72109,PR,"Patillas Municipio, PR",4643,3728,915,19.7,4380,3611,769,17.6,4339,3662,677,15.6,,,,,4507,4013,494,11.0
72111,PR,"Penuelas Municipio, PR",5994,4946,1048,17.5,5759,4965,794,13.8,5885,5053,832,14.1,,,,,6091,5427,664,10.9
72113,PR,"Ponce Municipio, PR",45598,40291,5307,11.6,44731,40331,4400,9.8,45327,40931,4396,9.7,,,,,48561,44233,4328,8.9
72115,PR,"Quebradillas Municipio, PR",6062,5105,957,15.8,5998,5171,827,13.8,6090,5381,709,11.6,,,,,6487,5894,593,9.1
72117,PR,"Rincon Municipio, PR",4664,3951,713,15.3,4713,4042,671,14.2,4775,4121,654,13.7,,,,,4983,4549,434,8.7
72119,PR,"Rio Grande Municipio, PR",16953,15308,1645,9.7,16916,15360,1556,9.2,16903,15669,1234,7.3,,,,,18349,16835,1514,8.3
72121,PR,"Sabana Grande Municipio, PR",6369,5296,1073,16.8,6119,5267,852,13.9,6105,5307,798,13.1,,,,,6440,5789,651,10.1
72123,PR,"Salinas Municipio, PR",7481,6080,1401,18.7,7149,6094,1055,14.8,7114,6081,1033,14.5,,,,,7440,6664,776,10.4
72125,PR,"San German Municipio, PR",10017,8447,1570,15.7,9652,8474,1178,12.2,9674,8580,1094,11.3,,,,,10384,9395,989,9.5
72127,PR,"San Juan Municipio, PR",132504,123201,9303,7.0,131883,123646,8237,6.2,132548,125161,7387,5.6,,,,,143839,134397,9442,6.6
72129,PR,"San Lorenzo Municipio, PR",11908,10381,1527,12.8,11626,10453,1173,10.1,11686,10661,1025,8.8,,,,,12332,11384,948,7.7
72131,PR,"San Sebastian Municipio, PR",10576,8709,1867,17.7,10271,8767,1504,14.6,10330,8923,1407,13.6,,,,,10938,9629,1309,12.0
72133,PR,"Santa Isabel Municipio, PR",9738,8420,1318,13.5,8667,7553,1114,12.9,8838,7868,970,11.0,,,,,9292,8433,859,9.2
72135,PR,"Toa Alta Municipio, PR",26566,24512,2054,7.7,26687,25013,1674,6.3,27324,25786,1538,5.6,,,,,29869,27968,1901,6.4
72137,PR,"Toa Baja Municipio, PR",29185,26823,2362,8.1,28836,26929,1907,6.6,28942,27265,1677,5.8,,,,,31133,29024,2109,6.8
72139,PR,"Trujillo Alto Municipio, PR",26623,25045,1578,5.9,26549,25168,1381,5.2,26914,25604,1310,4.9,,,,,29106,27464,1642,5.6
72141,PR,"Utuado Municipio, PR",6756,5813,943,14.0,6625,5858,767,11.6,6655,5904,751,11.3,,,,,7016,6364,652,9.3
72143,PR,"Vega Alta Municipio, PR",9785,8738,1047,10.7,9592,8747,845,8.8,9752,8960,792,8.1,,,,,10567,9596,971,9.2
72145,PR,"Vega Baja Municipio, PR",13414,11746,1668,12.4,13159,11787,1372,10.4,13174,11912,1262,9.6,,,,,14185,12742,1443,10.2
72147,PR,"Vieques Municipio, PR",3027,2589,438,14.5,2726,2276,450,16.5,2551,2368,183,7.2,,,,,2775,2435,340,12.3
72149,PR,"Villalba Municipio, PR",7557,6090,1467,19.4,7335,6174,1161,15.8,7494,6309,1185,15.8,,,,,7700,6807,893,11.6
72151,PR,"Yabucoa Municipio, PR",9000,7512,1488,16.5,8791,7534,1257,14.3,8841,7686,1155,13.1,,,,,9164,8217,947,10.3
72153,PR,"Yauco Municipio, PR",10160,8409,1751,17.2,9748,8315,1433,14.7,9851,8409,1442,14.6,,,,,10213,9014,1199,11.7